{"frame_count": 85, "data": [[[0.006161985453218222, -0.9605841040611267, -0.2779211401939392, 0.0], [0.992057740688324, 0.04078945517539978, -0.11898576468229294, 0.0], [0.12563209235668182, -0.2749806344509125, 0.9532063007354736, 0.0], [0.0, 0.0, 0.0, 1.0], [0.0, 0.0, 7.099871635437012]], [[0.006161985453218222, -0.9605841040611267, -0.2779211401939392, 0.0], [0.992057740688324, 0.04078945517539978, -0.11898576468229294, 0.0], [0.12563209235668182, -0.2749806344509125, 0.9532063007354736, 0.0], [0.0, 0.0, 0.0, 1.0], [0.0, 0.0, 6.892700672149658]], [[0.0061618671752512455, -0.9605841040611267, -0.2779211401939392, 0.0], [0.992057740688324, 0.040789343416690826, -0.11898579448461533, 0.0], [0.12563209235668182, -0.27498066425323486, 0.9532063007354736, 0.0], [0.0, 0.0, 0.0, 1.0], [0.0, 0.0, 6.562046527862549]], [[0.0061618671752512455, -0.9605841040611267, -0.2779211401939392, 0.0], [0.992057740688324, 0.040789343416690826, -0.11898579448461533, 0.0], [0.12563209235668182, -0.27498066425323486, 0.9532063007354736, 0.0], [0.0, 0.0, 0.0, 1.0], [0.0, 0.0, 6.328366756439209]], [[0.006161985453218222, -0.9605841040611267, -0.2779211401939392, 0.0], [0.992057740688324, 0.04078945517539978, -0.11898576468229294, 0.0], [0.12563209235668182, -0.2749806344509125, 0.9532063007354736, 0.0], [0.0, 0.0, 0.0, 1.0], [0.0, 0.0, 5.958016395568848]], [[0.006161985453218222, -0.9605841040611267, -0.2779211401939392, 0.0], [0.992057740688324, 0.04078945517539978, -0.11898576468229294, 0.0], [0.12563209235668182, -0.2749806344509125, 0.9532063007354736, 0.0], [0.0, 0.0, 0.0, 1.0], [0.0, 0.0, 5.6979169845581055]], [[0.0061618671752512455, -0.9605841040611267, -0.2779211401939392, 0.0], [0.992057740688324, 0.040789343416690826, -0.11898579448461533, 0.0], [0.12563209235668182, -0.27498066425323486, 0.9532063007354736, 0.0], [0.0, 0.0, 0.0, 1.0], [0.0, 0.0, 5.288005352020264]], [[0.026090510189533234, -0.944464921951294, -0.32757484912872314, 0.0], [0.9969768524169922, 0.04857458174228668, -0.060643699020147324, 0.0], [0.07318765670061111, -0.3250023424625397, 0.9428769946098328, 0.0], [0.0, 0.0, 0.0, 1.0], [-0.022202126681804657, -6.450397336266178e-07, 5.049059867858887]], [[0.03927434980869293, -0.9350308775901794, -0.3523845076560974, 0.0], [0.998898446559906, 0.04580185189843178, -0.010202091187238693, 0.0], [0.025679131969809532, -0.3515956401824951, 0.9357997179031372, 0.0], [0.0, 0.0, 0.0, 1.0], [-0.14605186879634857, -0.030464638024568558, 4.897150993347168]], [[0.022946489974856377, -0.9349596500396729, -0.3540111184120178, 0.0], [0.9997334480285645, 0.02236078679561615, 0.005745415575802326, 0.0], [0.002544234972447157, -0.35404857993125916, 0.9352235794067383, 0.0], [0.0, 0.0, 0.0, 1.0], [-0.24834167957305908, -0.056888747960329056, 4.872780799865723]], [[0.001832788111642003, -0.9258145689964294, -0.3779734969139099, 0.0], [0.9999929070472717, 0.00044977013021707535, 0.0037472767289727926, 0.0], [-0.0032992821652442217, -0.3779776692390442, 0.925808846950531, 0.0], [0.0, 0.0, 0.0, 1.0], [-0.39701777696609497, -0.09405051916837692, 4.837296962738037]], [[-0.01243047695606947, -0.9191455841064453, -0.3937218189239502, 0.0], [0.9999200701713562, -0.012337978929281235, -0.002766127698123455, 0.0], [-0.002315257443115115, -0.3937247395515442, 0.9192254543304443, 0.0], [0.0, 0.0, 0.0, 1.0], [-0.49614617228507996, -0.11835724115371704, 4.803799629211426]], [[-0.03268144279718399, -0.9069244861602783, -0.42002367973327637, 0.0], [0.9993208646774292, -0.03680788353085518, 0.0017206723568961024, 0.0], [-0.017020702362060547, -0.41968220472335815, 0.9075115323066711, 0.0], [0.0, 0.0, 0.0, 1.0], [-0.6456431746482849, -0.15350240468978882, 4.747969627380371]], [[-0.04666326195001602, -0.8971208930015564, -0.4393138885498047, 0.0], [0.99868243932724, -0.05129905790090561, -0.0013209846802055836, 0.0], [-0.02135130576789379, -0.438796728849411, 0.8983326554298401, 0.0], [0.0, 0.0, 0.0, 1.0], [-0.7457358837127686, -0.17635700106620789, 4.703197479248047]], [[-0.0666702464222908, -0.8790165185928345, -0.4721069931983948, 0.0], [0.9971484541893005, -0.07546404004096985, -0.0003092463593930006, 0.0], [-0.03535526990890503, -0.4707813858985901, 0.8815411925315857, 0.0], [0.0, 0.0, 0.0, 1.0], [-0.8968225717544556, -0.20981775224208832, 4.625479221343994]], [[-0.07957009226083755, -0.8646746277809143, -0.4959903359413147, 0.0], [0.9957626461982727, -0.09195876121520996, 0.0005675155553035438, 0.0], [-0.04610137268900871, -0.4938434958457947, 0.8683278560638428, 0.0], [0.0, 0.0, 0.0, 1.0], [-0.9980494379997253, -0.23175181448459625, 4.564601898193359]], [[-0.09849357604980469, -0.8396295309066772, -0.5341547727584839, 0.0], [0.9932125806808472, -0.11631286889314651, -0.00030954505200497806, 0.0], [-0.061869166791439056, -0.5305597186088562, 0.8453866243362427, 0.0], [0.0, 0.0, 0.0, 1.0], [-1.1505155563354492, -0.2643076777458191, 4.457756996154785]], [[-0.11029393970966339, -0.8208749890327454, -0.5603565573692322, 0.0], [0.9911218881607056, -0.13295616209506989, -0.0003111345286015421, 0.0], [-0.07424744963645935, -0.5554159283638, 0.8282514214515686, 0.0], [0.0, 0.0, 0.0, 1.0], [-1.2524014711380005, -0.2858656048774719, 4.374946594238281]], [[-0.1268204152584076, -0.7904881238937378, -0.5992037057876587, 0.0], [0.9874263405799866, -0.15807926654815674, -0.0004439598706085235, 0.0], [-0.09437074512243271, -0.5917258262634277, 0.8005964756011963, 0.0], [0.0, 0.0, 0.0, 1.0], [-1.4051923751831055, -0.3181110620498657, 4.231329441070557]], [[-0.1369698941707611, -0.7686885595321655, -0.6247857213020325, 0.0], [0.9845811128616333, -0.1749275177717209, -0.0006293325568549335, 0.0], [-0.10880845040082932, -0.6152383685112, 0.7807960510253906, 0.0], [0.0, 0.0, 0.0, 1.0], [-1.5070449113845825, -0.33955034613609314, 4.122684001922607]], [[-0.15108764171600342, -0.7341880798339844, -0.6619217395782471, 0.0], [0.9797885417938232, -0.20002804696559906, -0.00177624577190727, 0.0], [-0.13109882175922394, -0.6488116979598999, 0.7495708465576172, 0.0], [0.0, 0.0, 0.0, 1.0], [-1.6596168279647827, -0.37165021896362305, 3.9397244453430176]], [[-0.15979790687561035, -0.7101297378540039, -0.6856970191001892, 0.0], [0.9762609004974365, -0.21657395362854004, -0.0032213025260716677, 0.0], [-0.14621657133102417, -0.6699339151382446, 0.7278800010681152, 0.0], [0.0, 0.0, 0.0, 1.0], [-1.7611585855484009, -0.39301377534866333, 3.80433988571167]], [[-0.17179666459560394, -0.672558069229126, -0.71982741355896, 0.0], [0.9704892039299011, -0.24105976521968842, -0.006390594411641359, 0.0], [-0.1692233830690384, -0.6996826529502869, 0.6941236257553101, 0.0], [0.0, 0.0, 0.0, 1.0], [-1.9132122993469238, -0.42500460147857666, 3.5811824798583984]], [[-0.1790781468153, -0.6465813517570496, -0.7415278553962708, 0.0], [0.9663326144218445, -0.2571330964565277, -0.00915891956537962, 0.0], [-0.18474936485290527, -0.7182027101516724, 0.6708595752716064, 0.0], [0.0, 0.0, 0.0, 1.0], [-2.014409303665161, -0.4462955892086029, 3.4190449714660645]], [[-0.18891437351703644, -0.6063283085823059, -0.7724489569664001, 0.0], [0.9596546292304993, -0.28081902861595154, -0.01427153218537569, 0.0], [-0.20826512575149536, -0.7439802885055542, 0.6349164843559265, 0.0], [0.0, 0.0, 0.0, 1.0], [-2.1659467220306396, -0.4781777858734131, 3.1558258533477783]], [[-0.1947435438632965, -0.5786963105201721, -0.7919504642486572, 0.0], [0.9549196362495422, -0.296299546957016, -0.018305417150259018, 0.0], [-0.2240612804889679, -0.7598139047622681, 0.6103109121322632, 0.0], [0.0, 0.0, 0.0, 1.0], [-2.2667999267578125, -0.4993964433670044, 2.9670259952545166]], [[-0.20239295065402985, -0.536158561706543, -0.8194944262504578, 0.0], [0.9474133253097534, -0.31901320815086365, -0.025269394740462303, 0.0], [-0.24788112938404083, -0.7815142869949341, 0.5725297927856445, 0.0], [0.0, 0.0, 0.0, 1.0], [-2.4178225994110107, -0.5311704277992249, 2.663881301879883]], [[-0.2067616730928421, -0.5071361660957336, -0.8366973996162415, 0.0], [0.9421528577804565, -0.33379265666007996, -0.03050418011844158, 0.0], [-0.26381367444992065, -0.7946038842201233, 0.5468152761459351, 0.0], [0.0, 0.0, 0.0, 1.0], [-2.5183334350585938, -0.5523170232772827, 2.448509693145752]], [[-0.21222004294395447, -0.46271228790283203, -0.8607322573661804, 0.0], [0.9338997006416321, -0.3553779721260071, -0.039215996861457825, 0.0], [-0.2877395451068878, -0.8121599555015564, 0.5075451731681824, 0.0], [0.0, 0.0, 0.0, 1.0], [-2.6688432693481445, -0.5839830636978149, 2.1055750846862793]], [[-0.21513128280639648, -0.43256521224975586, -0.8755603432655334, 0.0], [0.9281690120697021, -0.36935728788375854, -0.04557890444993973, 0.0], [-0.3036787509918213, -0.822473406791687, 0.4809539318084717, 0.0], [0.0, 0.0, 0.0, 1.0], [-2.769012689590454, -0.6050578355789185, 1.8637219667434692]], [[-0.2204750031232834, -0.3785628378391266, -0.8989332318305969, 0.0], [0.9315914511680603, -0.35480350255966187, -0.0790683925151825, 0.0], [-0.2890123128890991, -0.8548711538314819, 0.430891215801239, 0.0], [0.0, 0.0, 0.0, 1.0], [-2.9270987510681152, -0.6412366032600403, 1.5534043312072754]], [[-0.20987793803215027, -0.30707600712776184, -0.9282540678977966, 0.0], [0.9508492350578308, -0.285185307264328, -0.1206444650888443, 0.0], [-0.22767740488052368, -0.9079502820968628, 0.35183706879615784, 0.0], [0.0, 0.0, 0.0, 1.0], [-3.0352182388305664, -0.6855470538139343, 1.471750020980835]], [[-0.19878385961055756, -0.19563502073287964, -0.9603186249732971, 0.0], [0.969216525554657, -0.1844906359910965, -0.16304147243499756, 0.0], [-0.14527317881584167, -0.9631667137145996, 0.22628645598888397, 0.0], [0.0, 0.0, 0.0, 1.0], [-3.196847677230835, -0.7589712142944336, 1.3290507793426514]], [[-0.19371633231639862, -0.11878712475299835, -0.9738396406173706, 0.0], [0.9764861464500427, -0.11906111985445023, -0.1797199249267578, 0.0], [-0.09459802508354187, -0.9857555627822876, 0.13905806839466095, 0.0], [0.0, 0.0, 0.0, 1.0], [-3.3037970066070557, -0.8110004663467407, 1.2204607725143433]], [[-0.18911755084991455, -0.00023261415481101722, -0.9819544553756714, 0.0], [0.9817034602165222, -0.022653693333268166, -0.18906384706497192, 0.0], [-0.022200915962457657, -0.9997433423995972, 0.004512568935751915, 0.0], [0.0, 0.0, 0.0, 1.0], [-3.46240234375, -0.8916021585464478, 1.0374265909194946]], [[-0.1842692792415619, 0.05846594646573067, -0.981135368347168, 0.0], [0.9825347065925598, -0.015337883494794369, -0.18544608354568481, 0.0], [-0.02589082159101963, -0.9981715679168701, -0.05461852252483368, 0.0], [0.0, 0.0, 0.0, 1.0], [-3.5583603382110596, -0.9488595128059387, 0.9711877703666687]], [[-0.138523668050766, 0.050452377647161484, -0.9890731573104858, 0.0], [0.9901931881904602, -0.011224326677620411, -0.13925307989120483, 0.0], [-0.018127329647541046, -0.9986633658409119, -0.04840276762843132, 0.0], [0.0, 0.0, 0.0, 1.0], [-3.6800267696380615, -1.0202292203903198, 1.010535717010498]], [[-0.10542741417884827, 0.04786889627575874, -0.9932742118835449, 0.0], [0.9943427443504333, -0.007927902042865753, -0.10592290014028549, 0.0], [-0.012944993562996387, -0.9988221526145935, -0.046762268990278244, 0.0], [0.0, 0.0, 0.0, 1.0], [-3.7589855194091797, -1.0673949718475342, 1.0231865644454956]], [[-0.05450735613703728, 0.042040321975946426, -0.9976279735565186, 0.0], [0.998511552810669, 0.00040067348163574934, -0.054538749158382416, 0.0], [-0.0018931033555418253, -0.9991158246994019, -0.041999585926532745, 0.0], [0.0, 0.0, 0.0, 1.0], [-3.8762333393096924, -1.137883186340332, 1.024488925933838]], [[-0.021431567147374153, 0.03361767157912254, -0.9992049336433411, 0.0], [0.999767005443573, 0.0032885135151445866, -0.021332981064915657, 0.0], [0.0025687338784337044, -0.9994293451309204, -0.03368031978607178, 0.0], [0.0, 0.0, 0.0, 1.0], [-3.951723575592041, -1.1846238374710083, 1.0187013149261475]], [[0.025180969387292862, 0.012247352860867977, -0.9996078610420227, 0.0], [0.9996827840805054, -0.0007722542504779994, 0.02517339400947094, 0.0], [-0.0004636439844034612, -0.9999247193336487, -0.012262913398444653, 0.0], [0.0, 0.0, 0.0, 1.0], [-4.060235023498535, -1.253960132598877, 1.0022666454315186]], [[0.05797464773058891, -0.007723603397607803, -0.9982881546020508, 0.0], [0.9983176589012146, 0.001362591632641852, 0.05796581506729126, 0.0], [0.0009125542128458619, -0.9999692440032959, 0.007789605297148228, 0.0], [0.0, 0.0, 0.0, 1.0], [-4.129847526550293, -1.2994433641433716, 0.9852674603462219]], [[0.09199173748493195, 0.006028931122273207, -0.9957415461540222, 0.0], [0.9957539439201355, 0.0028571023140102625, 0.09201018512248993, 0.0], [0.0033996584825217724, -0.9999777674674988, -0.005740502383559942, 0.0], [0.0, 0.0, 0.0, 1.0], [-4.222339153289795, -1.3577125072479248, 0.9800570011138916]], [[0.11210616677999496, 0.00556616997346282, -0.9936806559562683, 0.0], [0.9936931729316711, 0.0018544121412560344, 0.11211796849966049, 0.0], [0.002466761041432619, -0.9999827742576599, -0.0053231739439070225, 0.0], [0.0, 0.0, 0.0, 1.0], [-4.27208137512207, -1.3935546875, 0.9891261458396912]], [[0.14213062822818756, -0.0009478395222686231, -0.9898474812507629, 0.0], [0.9898476004600525, -0.0006589920376427472, 0.1421312838792801, 0.0], [-0.0007870192639529705, -0.9999993443489075, 0.0008445537532679737, 0.0], [0.0, 0.0, 0.0, 1.0], [-4.344315528869629, -1.4463825225830078, 0.9891021251678467]], [[0.1610116809606552, 0.004569250624626875, -0.986941933631897, 0.0], [0.9869275689125061, 0.0063598365522921085, 0.16103878617286682, 0.0], [0.007012615911662579, -0.9999693632125854, -0.003485511289909482, 0.0], [0.0, 0.0, 0.0, 1.0], [-4.388195514678955, -1.4782909154891968, 0.9902730584144592]], [[0.18171332776546478, 0.005605855491012335, -0.983335554599762, 0.0], [0.9833497405052185, 0.0008877825457602739, 0.1817210167646408, 0.0], [0.0018916898407042027, -0.9999839067459106, -0.005351194180548191, 0.0], [0.0, 0.0, 0.0, 1.0], [-4.444703578948975, -1.523095965385437, 0.9968305230140686]], [[0.19636613130569458, 0.0009788180468603969, -0.9805301427841187, 0.0], [0.9805300235748291, -0.0013157192151993513, 0.19636479020118713, 0.0], [-0.001097896951250732, -0.9999986290931702, -0.0012181232450529933, 0.0], [0.0, 0.0, 0.0, 1.0], [-4.480485916137695, -1.551798939704895, 0.993685781955719]], [[0.21865077316761017, 0.0014492821646854281, -0.9758021235466003, 0.0], [0.975799024105072, 0.0025896651204675436, 0.21865393221378326, 0.0], [0.0028438919689506292, -0.9999955892562866, -0.0008479758398607373, 0.0], [0.0, 0.0, 0.0, 1.0], [-4.526550769805908, -1.5899235010147095, 0.9937623739242554]], [[0.23149614036083221, 0.00018377149535808712, -0.9728357791900635, 0.0], [0.9728341102600098, 0.0018231025896966457, 0.23149608075618744, 0.0], [0.0018161218613386154, -0.9999983310699463, 0.00024326203856617212, 0.0], [0.0, 0.0, 0.0, 1.0], [-4.552545070648193, -1.612965703010559, 0.995274543762207]], [[0.24758170545101166, 0.0043022725731134415, -0.96885746717453, 0.0], [0.9688647985458374, 0.00105263979639858, 0.24758824706077576, 0.0], [0.0020850501023232937, -0.9999901652336121, -0.003907705657184124, 0.0], [0.0, 0.0, 0.0, 1.0], [-4.587684154510498, -1.6437761783599854, 0.9926517605781555]], [[0.25646430253982544, 0.0015127972001209855, -0.9665524959564209, 0.0], [0.9665526151657104, 0.0011055482318624854, 0.2564660608768463, 0.0], [0.0014565516030415893, -0.9999982714653015, -0.0011786643881350756, 0.0], [0.0, 0.0, 0.0, 1.0], [-4.606179714202881, -1.661635160446167, 0.9941776990890503]], [[0.2682807147502899, -0.0009296287898905575, -0.9633403420448303, 0.0], [0.9633405208587646, 0.0010296452092006803, 0.2682797610759735, 0.0], [0.0007424981449730694, -0.9999990463256836, 0.0011717829620465636, 0.0], [0.0, 0.0, 0.0, 1.0], [-4.628268718719482, -1.6846023797988892, 0.99534672498703]], [[0.2736722230911255, 0.0013838501181453466, -0.9618220329284668, 0.0], [0.9618228673934937, -0.0009286656859330833, 0.27367115020751953, 0.0], [-0.0005144912865944207, -0.9999986290931702, -0.0015851687639951706, 0.0], [0.0, 0.0, 0.0, 1.0], [-4.64000129699707, -1.6973700523376465, 0.9938532114028931]], [[0.27610212564468384, 0.0034649998415261507, -0.9611220359802246, 0.0], [0.9611269235610962, 0.0007077945047058165, 0.276106059551239, 0.0], [0.0016369844088330865, -0.9999937415122986, -0.0031348811462521553, 0.0], [0.0, 0.0, 0.0, 1.0], [-4.652069568634033, -1.7090775966644287, 0.9975675344467163]], [[0.27710092067718506, 0.001104317489080131, -0.9608401656150818, 0.0], [0.9608393311500549, 0.0014465772546827793, 0.27710235118865967, 0.0], [0.0016959385247901082, -0.9999983310699463, -0.000660223769955337, 0.0], [0.0, 0.0, 0.0, 1.0], [-4.656539440155029, -1.7145363092422485, 0.9977999329566956]], [[0.27698636054992676, 0.00014805498358327895, -0.9608738422393799, 0.0], [0.9608730673789978, 0.0012115242425352335, 0.27698633074760437, 0.0], [0.0012051310623064637, -0.9999992847442627, 0.0001933136081788689, 0.0], [0.0, 0.0, 0.0, 1.0], [-4.6573872566223145, -1.718139886856079, 0.9987190365791321]], [[0.2769857943058014, 6.55112016829662e-05, -0.9608740210533142, 0.0], [0.9608737230300903, 0.000764648022595793, 0.276985764503479, 0.0], [0.0007528761052526534, -0.9999997019767761, 0.00014884864503983408, 0.0], [0.0, 0.0, 0.0, 1.0], [-4.657278060913086, -1.717645287513733, 0.9991966485977173]], [[0.27698883414268494, -0.0002130847715307027, -0.9608731269836426, 0.0], [0.9608731269836426, 0.0002548200427554548, 0.27698877453804016, 0.0], [0.00018582762277219445, -0.9999999403953552, 0.0002753297449089587, 0.0], [0.0, 0.0, 0.0, 1.0], [-4.657068252563477, -1.7170794010162354, 0.9996192455291748]], [[0.27699020504951477, -0.0003847604675684124, -0.9608726501464844, 0.0], [0.9608727097511292, 1.7781270798877813e-05, 0.27699023485183716, 0.0], [-8.948935283115134e-05, -0.9999999403953552, 0.00037463108310475945, 0.0], [0.0, 0.0, 0.0, 1.0], [-4.656938076019287, -1.7167922258377075, 0.9997875094413757]], [[0.27698415517807007, -0.00018203759100288153, -0.9608744978904724, 0.0], [0.9608744978904724, 3.070250750170089e-05, 0.27698415517807007, 0.0], [-2.0920269889757037e-05, -1.0, 0.00018341938266530633, 0.0], [0.0, 0.0, 0.0, 1.0], [-4.6571269035339355, -1.7166544198989868, 0.9998941421508789]], [[0.27687737345695496, -1.5157739653659519e-05, -0.9609052538871765, 0.0], [0.9609052538871765, -0.00011605364124989137, 0.27687737345695496, 0.0], [-0.0001157133883680217, -1.0, -1.7567477698321454e-05, 0.0], [0.0, 0.0, 0.0, 1.0], [-4.65730094909668, -1.716330885887146, 0.9999331831932068]], [[0.2768881618976593, -4.393702965899138e-06, -0.9609021544456482, 0.0], [0.9609021544456482, -5.845883424626663e-05, 0.2768881618976593, 0.0], [-5.738978506997228e-05, -1.0, -1.1964640179940034e-05, 0.0], [0.0, 0.0, 0.0, 1.0], [-4.657332420349121, -1.7163825035095215, 0.9999955296516418]], [[0.2768876850605011, -1.8554321741248714e-06, -0.9609022736549377, 0.0], [0.9609022736549377, -3.802580977207981e-05, 0.2768876850605011, 0.0], [-3.705283234012313e-05, -1.0, -8.74598936206894e-06, 0.0], [0.0, 0.0, 0.0, 1.0], [-4.657337188720703, -1.7164027690887451, 1.0000190734863281]], [[0.27688759565353394, -7.792997394062695e-07, -0.9609023332595825, 0.0], [0.9609023332595825, -1.9222585251554847e-05, 0.27688759565353394, 0.0], [-1.8686805560719222e-05, -1.0, -4.573664227791596e-06, 0.0], [0.0, 0.0, 0.0, 1.0], [-4.657343864440918, -1.7164214849472046, 1.0000401735305786]], [[0.2768876850605011, -4.285559782601922e-07, -0.9609022736549377, 0.0], [0.9609022736549377, -1.2408439033606555e-05, 0.2768876850605011, 0.0], [-1.2041959053021856e-05, -1.0, -3.0239436910051154e-06, 0.0], [0.0, 0.0, 0.0, 1.0], [-4.657347679138184, -1.7164283990859985, 1.000048279762268]], [[0.2768876850605011, -2.832342715919367e-07, -0.9609022736549377, 0.0], [0.9609022736549377, -6.307190233201254e-06, 0.2768876850605011, 0.0], [-6.1390173868858255e-06, -1.0, -1.4742228131581214e-06, 0.0], [0.0, 0.0, 0.0, 1.0], [-4.657352924346924, -1.7164345979690552, 1.0000553131103516]], [[0.2768876850605011, -1.975054004788035e-07, -0.9609022736549377, 0.0], [0.9609022736549377, -3.857014235109091e-06, 0.2768876850605011, 0.0], [-3.7609006540151313e-06, -1.0, -8.78176422247634e-07, 0.0], [0.0, 0.0, 0.0, 1.0], [-4.657355785369873, -1.7164369821548462, 1.0000578165054321]], [[0.2768876850605011, -1.724335589869952e-07, -0.9609022736549377, 0.0], [0.9609022736549377, -1.6173407857422717e-06, 0.2768876850605011, 0.0], [-1.601851181476377e-06, -1.0, -2.821299744937278e-07, 0.0], [0.0, 0.0, 0.0, 1.0], [-4.6573591232299805, -1.716438889503479, 1.0000600814819336]], [[0.27688759565353394, 2.4795957642709254e-07, -0.9609023332595825, 0.0], [0.9609023332595825, -1.0194881951974821e-06, 0.27688759565353394, 0.0], [-9.109716074817698e-07, -1.0, -5.205485535952903e-07, 0.0], [0.0, 0.0, 0.0, 1.0], [-4.657361030578613, -1.7164394855499268, 1.0000609159469604]], [[0.2768874764442444, 1.683397812257681e-07, -0.9609023332595825, 0.0], [0.9609023332595825, -4.347321009845473e-07, 0.2768874764442444, 0.0], [-3.711239173753711e-07, -1.0, -2.821299744937278e-07, 0.0], [0.0, 0.0, 0.0, 1.0], [-4.657362937927246, -1.716439962387085, 1.0000616312026978]], [[0.27688759565353394, 7.24404216612129e-08, -0.9609023332595825, 0.0], [0.9609023332595825, -3.3700501944622374e-07, 0.27688759565353394, 0.0], [-3.0377105986190145e-07, -1.0, -1.6292068494294654e-07, 0.0], [0.0, 0.0, 0.0, 1.0], [-4.6573638916015625, -1.716440200805664, 1.0000619888305664]], [[0.27688735723495483, 2.1496275337540283e-07, -0.9609023928642273, 0.0], [0.9609023928642273, -2.7293316406939994e-07, 0.27688735723495483, 0.0], [-2.0274165990485926e-07, -1.0, -2.821299744937278e-07, 0.0], [0.0, 0.0, 0.0, 1.0], [-4.657364368438721, -1.7164404392242432, 1.0000622272491455]], [[0.2768874764442444, 5.60365336355062e-08, -0.9609023332595825, 0.0], [0.9609023332595825, 3.660059633148194e-08, 0.2768874764442444, 0.0], [5.0685411423501137e-08, -1.0, -4.371138828673793e-08, 0.0], [0.0, 0.0, 0.0, 1.0], [-4.657364368438721, -1.7164405584335327, 1.000062346458435]], [[0.2768874764442444, 7.468570828450538e-08, -0.9609023332595825, 0.0], [0.9609023332595825, 1.0132017536079729e-07, 0.2768874764442444, 0.0], [1.1803832933310332e-07, -1.0, -4.371138828673793e-08, 0.0], [0.0, 0.0, 0.0, 1.0], [-4.657363414764404, -1.7164403200149536, 1.000062346458435]], [[0.2768874764442444, 3.267778581061975e-08, -0.9609023332595825, 0.0], [0.9609023332595825, -4.446292578563771e-08, 0.2768874764442444, 0.0], [-3.367646073115793e-08, -1.0, -4.371138828673793e-08, 0.0], [0.0, 0.0, 0.0, 1.0], [-4.657362461090088, -1.716440200805664, 1.0000624656677246]], [[0.2768864333629608, 3.901683669482736e-07, -0.9609026312828064, 0.0], [0.9609026312828064, -9.543782653054222e-08, 0.2768864333629608, 0.0], [1.6325872209677073e-08, -1.0, -4.0133926404450904e-07, 0.0], [0.0, 0.0, 0.0, 1.0], [-4.657360553741455, -1.7164404392242432, 1.0000624656677246]], [[0.27688586711883545, 5.467246069201792e-07, -0.9609028100967407, 0.0], [0.9609028100967407, 1.7338136260036663e-08, 0.27688586711883545, 0.0], [1.6804058589059423e-07, -1.0, -5.205485535952903e-07, 0.0], [0.0, 0.0, 0.0, 1.0], [-4.657358646392822, -1.7164405584335327, 1.0000624656677246]], [[0.2768857479095459, 2.4989080316117906e-07, -0.9609028697013855, 0.0], [0.9609028697013855, 2.7881569053533894e-07, 0.2768857479095459, 0.0], [3.3710600177982997e-07, -1.0, -1.6292068494294654e-07, 0.0], [0.0, 0.0, 0.0, 1.0], [-4.657355785369873, -1.7164404392242432, 1.0000624656677246]], [[0.2768857479095459, 1.11983645467717e-07, -0.9609028697013855, 0.0], [0.9609028697013855, 2.307594826334025e-07, 0.2768857479095459, 0.0], [2.527441154143162e-07, -1.0, -4.371138828673793e-08, 0.0], [0.0, 0.0, 0.0, 1.0], [-4.65735387802124, -1.7164403200149536, 1.000062346458435]], [[0.2768855094909668, 4.3217605139034276e-07, -0.9609029293060303, 0.0], [0.9609029293060303, 5.034559080741019e-08, 0.2768855094909668, 0.0], [1.6804051483632065e-07, -1.0, -4.0133926404450904e-07, 0.0], [0.0, 0.0, 0.0, 1.0], [-4.657351016998291, -1.7164404392242432, 1.0000624656677246]], [[0.27688542008399963, 2.6629535909705737e-07, -0.9609029293060303, 0.0], [0.9609029293060303, -9.479003892920446e-08, 0.27688542008399963, 0.0], [-1.735073063002801e-08, -1.0, -2.821299744937278e-07, 0.0], [0.0, 0.0, 0.0, 1.0], [-4.657349109649658, -1.7164405584335327, 1.0000624656677246]], [[0.27688494324684143, 3.6219495314071537e-07, -0.9609030485153198, 0.0], [0.9609030485153198, -1.9251679361786955e-07, 0.27688494324684143, 0.0], [-8.470365031598703e-08, -1.0, -4.0133926404450904e-07, 0.0], [0.0, 0.0, 0.0, 1.0], [-4.657346248626709, -1.7164404392242432, 1.0000624656677246]], [[0.2768847346305847, 8.154443520425048e-08, -0.9609031677246094, 0.0], [0.9609031677246094, 5.556615860768943e-07, 0.2768847346305847, 0.0], [5.565153742281836e-07, -1.0, 7.549790126404332e-08, 0.0], [0.0, 0.0, 0.0, 1.0], [-4.657344341278076, -1.7164413928985596, 1.0000628232955933]], [[0.2768862247467041, -1.0298461461388797e-07, -0.9609026908874512, 0.0], [0.9609026908874512, 3.4580628494040866e-07, 0.2768862247467041, 0.0], [3.0377117354873917e-07, -1.0, 1.9470718370939721e-07, 0.0], [0.0, 0.0, 0.0, 1.0], [-4.657341480255127, -1.7164407968521118, 1.0000622272491455]]]}