{"frame_count": 83, "data": [[[0.3437894582748413, -0.9390467405319214, 0.0, 0.0], [0.9390467405319214, 0.3437894582748413, -0.0, 0.0], [0.0, 0.0, 1.0, 0.0], [0.0, 0.0, 0.0, 1.0], [0.0, 0.0, 7.099871635437012]], [[0.3437894582748413, -0.9390467405319214, 0.0, 0.0], [0.9390467405319214, 0.3437894582748413, -0.0, 0.0], [0.0, 0.0, 1.0, 0.0], [0.0, 0.0, 0.0, 1.0], [0.0, 0.0, 6.892700672149658]], [[0.3437894582748413, -0.9390467405319214, 0.0, 0.0], [0.9390467405319214, 0.3437894582748413, -0.0, 0.0], [0.0, 0.0, 1.0, 0.0], [0.0, 0.0, 0.0, 1.0], [0.0, 0.0, 6.562046527862549]], [[0.3437894582748413, -0.9390467405319214, 0.0, 0.0], [0.9390467405319214, 0.3437894582748413, -0.0, 0.0], [0.0, 0.0, 1.0, 0.0], [0.0, 0.0, 0.0, 1.0], [0.0, 0.0, 6.328366756439209]], [[0.3437894582748413, -0.9390467405319214, 0.0, 0.0], [0.9390467405319214, 0.3437894582748413, -0.0, 0.0], [0.0, 0.0, 1.0, 0.0], [0.0, 0.0, 0.0, 1.0], [0.0, 0.0, 5.958016395568848]], [[0.3437894582748413, -0.9390467405319214, 0.0, 0.0], [0.9390467405319214, 0.3437894582748413, -0.0, 0.0], [0.0, 0.0, 1.0, 0.0], [0.0, 0.0, 0.0, 1.0], [0.0, 0.0, 5.6979169845581055]], [[0.3245980441570282, -0.9448628425598145, -0.04324647784233093, 0.0], [0.9446356296539307, 0.32615968585014343, -0.03582463786005974, 0.0], [0.04795462638139725, -0.02922355756163597, 0.9984219074249268, 0.0], [0.0, 0.0, 0.0, 1.0], [-0.02620956115424633, 3.0427932529164536e-07, 5.336213111877441]], [[0.2849721312522888, -0.948032796382904, -0.14150866866111755, 0.0], [0.9470744729042053, 0.301241010427475, -0.110922671854496, 0.0], [0.14778654277324677, -0.10240937769412994, 0.9837029576301575, 0.0], [0.0, 0.0, 0.0, 1.0], [-0.08284361660480499, -0.006404271814972162, 5.15791130065918]], [[0.19530053436756134, -0.8967800736427307, -0.3970431089401245, 0.0], [0.9675415754318237, 0.2423785924911499, -0.07152600586414337, 0.0], [0.1603778451681137, -0.3701866567134857, 0.9150086045265198, 0.0], [0.0, 0.0, 0.0, 1.0], [-0.18980704247951508, 0.01798930950462818, 5.020930767059326]], [[0.17081989347934723, -0.8424105048179626, -0.511043131351471, 0.0], [0.9809034466743469, 0.1943504512310028, 0.007504181005060673, 0.0], [0.09299986064434052, -0.5025658011436462, 0.8595223426818848, 0.0], [0.0, 0.0, 0.0, 1.0], [-0.29242807626724243, 0.040663689374923706, 4.97762393951416]], [[0.11015775054693222, -0.7625008225440979, -0.6375404000282288, 0.0], [0.9894577860832214, 0.14480456709861755, -0.0022228495217859745, 0.0], [0.09401369094848633, -0.6305744647979736, 0.7704136967658997, 0.0], [0.0, 0.0, 0.0, 1.0], [-0.47351306676864624, 0.09288191795349121, 4.959749221801758]], [[0.07536223530769348, -0.6988638639450073, -0.7112733721733093, 0.0], [0.9934331178665161, 0.11420274525880814, -0.006952086463570595, 0.0], [0.08608793467283249, -0.7060786485671997, 0.7028810977935791, 0.0], [0.0, 0.0, 0.0, 1.0], [-0.5959314107894897, 0.12528204917907715, 4.935654640197754]], [[0.02786627784371376, -0.5908560752868652, -0.8062955737113953, 0.0], [0.9974129796028137, 0.0699043720960617, -0.016754696145653725, 0.0], [0.06626320630311966, -0.8037428259849548, 0.5912755131721497, 0.0], [0.0, 0.0, 0.0, 1.0], [-0.7805187702178955, 0.17160654067993164, 4.877847671508789]], [[-0.000629801070317626, -0.5115671753883362, -0.8592430949211121, 0.0], [0.9988253116607666, 0.041309863328933716, -0.025326745584607124, 0.0], [0.04845154657959938, -0.8582497239112854, 0.5109401941299438, 0.0], [0.0, 0.0, 0.0, 1.0], [-0.9037708044052124, 0.20131346583366394, 4.825240135192871]], [[-0.03883148357272148, -0.38350197672843933, -0.9227233529090881, 0.0], [0.9991126656532288, 0.00016974660684354603, -0.04211676865816116, 0.0], [0.01630849391222, -0.9235400557518005, 0.38315510749816895, 0.0], [0.0, 0.0, 0.0, 1.0], [-1.0885010957717896, 0.2450198382139206, 4.725769519805908]], [[-0.06145134195685387, -0.2931748330593109, -0.9540818929672241, 0.0], [0.9980787634849548, -0.025625230744481087, -0.056410886347293854, 0.0], [-0.007910316810011864, -0.9557153582572937, 0.2941862642765045, 0.0], [0.0, 0.0, 0.0, 1.0], [-1.2114453315734863, 0.2741079032421112, 4.645949840545654]], [[-0.09060532599687576, -0.15261557698249817, -0.9841235280036926, 0.0], [0.994740903377533, -0.061261679977178574, -0.08208251744508743, 0.0], [-0.04776198789477348, -0.9863850474357605, 0.15736359357833862, 0.0], [0.0, 0.0, 0.0, 1.0], [-1.3955483436584473, 0.31766584515571594, 4.505997657775879]], [[-0.10661529004573822, -0.056924764066934586, -0.9926695227622986, 0.0], [0.9913710951805115, -0.08266337215900421, -0.10173549503087997, 0.0], [-0.07626613974571228, -0.9949504137039185, 0.06524674594402313, 0.0], [0.0, 0.0, 0.0, 1.0], [-1.5180749893188477, 0.34665513038635254, 4.39923620223999]], [[-0.12517085671424866, 0.08720110356807709, -0.9882956147193909, 0.0], [0.984705924987793, -0.11075686663389206, -0.13448870182037354, 0.0], [-0.12118808925151825, -0.9900146126747131, -0.07200390845537186, 0.0], [0.0, 0.0, 0.0, 1.0], [-1.7015527486801147, 0.39006516337394714, 4.218939781188965]], [[-0.13377009332180023, 0.18230922520160675, -0.9740990400314331, 0.0], [0.9792649745941162, -0.12657961249351501, -0.15816976130008698, 0.0], [-0.152136892080307, -0.975059449672699, -0.16159647703170776, 0.0], [0.0, 0.0, 0.0, 1.0], [-1.823663353919983, 0.4189560115337372, 4.085327625274658]], [[-0.14088374376296997, 0.32123804092407227, -0.9364603161811829, 0.0], [0.9697593450546265, -0.1456339806318283, -0.19585080444812775, 0.0], [-0.19929516315460205, -0.9357333183288574, -0.2910061180591583, 0.0], [0.0, 0.0, 0.0, 1.0], [-2.0065178871154785, 0.46221861243247986, 3.864824056625366]], [[-0.14175057411193848, 0.41010627150535583, -0.9009548425674438, 0.0], [0.9626253843307495, -0.15507778525352478, -0.22204340994358063, 0.0], [-0.2307794839143753, -0.898756742477417, -0.37279635667800903, 0.0], [0.0, 0.0, 0.0, 1.0], [-2.128213882446289, 0.4910113215446472, 3.7044527530670166]], [[-0.1372971087694168, 0.535757303237915, -0.8331348299980164, 0.0], [0.9509145617485046, -0.16419988870620728, -0.2622973918914795, 0.0], [-0.27732837200164795, -0.8282527327537537, -0.4869152307510376, 0.0], [0.0, 0.0, 0.0, 1.0], [-2.3104474544525146, 0.5341269373893738, 3.4438788890838623]], [[-0.13057979941368103, 0.6133378744125366, -0.7789515852928162, 0.0], [0.9425493478775024, -0.16687630116939545, -0.289401113986969, 0.0], [-0.30748921632766724, -0.7719902396202087, -0.5563105344772339, 0.0], [0.0, 0.0, 0.0, 1.0], [-2.431730270385742, 0.5628218650817871, 3.2568392753601074]], [[-0.1151161640882492, 0.7187529802322388, -0.6856693625450134, 0.0], [0.9293707609176636, -0.16579225659370422, -0.3298226296901703, 0.0], [-0.35073965787887573, -0.6752089262008667, -0.6489025950431824, 0.0], [0.0, 0.0, 0.0, 1.0], [-2.613345146179199, 0.6057910919189453, 2.9563310146331787]], [[-0.10139782726764679, 0.7808682918548584, -0.616411566734314, 0.0], [0.9202879071235657, -0.16172172129154205, -0.35625311732292175, 0.0], [-0.37787389755249023, -0.603399395942688, -0.702225387096405, 0.0], [0.0, 0.0, 0.0, 1.0], [-2.73421573638916, 0.6343885660171509, 2.742713689804077]], [[-0.07609137147665024, 0.860549807548523, -0.5036508440971375, 0.0], [0.9064317941665649, -0.15075670182704926, -0.3945298492908478, 0.0], [-0.4154413044452667, -0.48654547333717346, -0.7685583829879761, 0.0], [0.0, 0.0, 0.0, 1.0], [-2.9152135848999023, 0.6772118210792542, 2.4024064540863037]], [[-0.05632944032549858, 0.9040831327438354, -0.423628032207489, 0.0], [0.897163987159729, -0.1403435319662094, -0.41880837082862854, 0.0], [-0.4380910098552704, -0.403655081987381, -0.8032053709030151, 0.0], [0.0, 0.0, 0.0, 1.0], [-3.0356736183166504, 0.7057121992111206, 2.162301778793335]], [[-0.022854087874293327, 0.9542238712310791, -0.29821890592575073, 0.0], [0.8834255933761597, -0.12036775797605515, -0.4528474509716034, 0.0], [-0.4680137634277344, -0.2738036513328552, -0.8402348756790161, 0.0], [0.0, 0.0, 0.0, 1.0], [-3.2160568237304688, 0.7483900785446167, 1.7823307514190674]], [[0.0016961507499217987, 0.977233350276947, -0.21216058731079102, 0.0], [0.8744932413101196, -0.10435505211353302, -0.4736787974834442, 0.0], [-0.4850347340106964, -0.18472956120967865, -0.8547609448432922, 0.0], [0.0, 0.0, 0.0, 1.0], [-3.3361079692840576, 0.7767935991287231, 1.5158286094665527]], [[0.14108160138130188, 0.9899555444717407, 0.00916444044560194, 0.0], [0.8444992303848267, -0.1155109852552414, -0.5229515433311462, 0.0], [-0.5166401863098145, 0.08151819556951523, -0.8523131608963013, 0.0], [0.0, 0.0, 0.0, 1.0], [-3.5463695526123047, 0.765822172164917, 1.2939248085021973]], [[0.16968832910060883, 0.9843202829360962, 0.04816053807735443, 0.0], [0.8569391369819641, -0.12324223667383194, -0.5004664659500122, 0.0], [-0.4866839051246643, 0.12619397044181824, -0.8644153475761414, 0.0], [0.0, 0.0, 0.0, 1.0], [-3.6183247566223145, 0.7206966280937195, 1.374646544456482]], [[0.20960071682929993, 0.971880316734314, 0.10731347650289536, 0.0], [0.8738183379173279, -0.13693389296531677, -0.46657323837280273, 0.0], [-0.43875852227211, 0.1915665715932846, -0.8779482841491699, 0.0], [0.0, 0.0, 0.0, 1.0], [-3.7262980937957764, 0.6387326121330261, 1.4750975370407104]], [[0.23408570885658264, 0.9610319137573242, 0.14704285562038422, 0.0], [0.8838062286376953, -0.1473335176706314, -0.44404879212379456, 0.0], [-0.4050807058811188, 0.23390287160873413, -0.8838546872138977, 0.0], [0.0, 0.0, 0.0, 1.0], [-3.798567295074463, 0.5776212811470032, 1.5283315181732178]], [[0.2675946056842804, 0.941059947013855, 0.20687980949878693, 0.0], [0.8968276381492615, -0.1647622287273407, -0.4105527997016907, 0.0], [-0.35226884484291077, 0.29539725184440613, -0.888058066368103, 0.0], [0.0, 0.0, 0.0, 1.0], [-3.907202959060669, 0.4797329306602478, 1.5876208543777466]], [[0.28777074813842773, 0.9253494143486023, 0.24681270122528076, 0.0], [0.9041710495948792, -0.17755688726902008, -0.38852059841156006, 0.0], [-0.31569400429725647, 0.3349657654762268, -0.8877698183059692, 0.0], [0.0, 0.0, 0.0, 1.0], [-3.9795637130737305, 0.41368812322616577, 1.6143895387649536]], [[0.31468719244003296, 0.8983549475669861, 0.3064805567264557, 0.0], [0.913154125213623, -0.19839347898960114, -0.3560752272605896, 0.0], [-0.2590782046318054, 0.39191630482673645, -0.8827683925628662, 0.0], [0.0, 0.0, 0.0, 1.0], [-4.087724685668945, 0.3180284798145294, 1.6430960893630981]], [[0.33035022020339966, 0.878177285194397, 0.3459383547306061, 0.0], [0.9177794456481934, -0.21330802142620087, -0.33493363857269287, 0.0], [-0.22033968567848206, 0.4281405210494995, -0.8764394521713257, 0.0], [0.0, 0.0, 0.0, 1.0], [-4.159460544586182, 0.2568415701389313, 1.6555265188217163]], [[0.35035914182662964, 0.8448293805122375, 0.4043659269809723, 0.0], [0.9226672053337097, -0.23708762228488922, -0.3040965497493744, 0.0], [-0.1610395461320877, 0.4796381890773773, -0.8625621795654297, 0.0], [0.0, 0.0, 0.0, 1.0], [-4.266199111938477, 0.16930055618286133, 1.665260910987854]], [[0.3613467812538147, 0.820661187171936, 0.4426553547382355, 0.0], [0.9245621562004089, -0.253801167011261, -0.2842002809047699, 0.0], [-0.1208856925368309, 0.5119572281837463, -0.8504624962806702, 0.0], [0.0, 0.0, 0.0, 1.0], [-4.336552143096924, 0.1137731671333313, 1.66598379611969]], [[0.37427303194999695, 0.7817153930664062, 0.498839408159256, 0.0], [0.9253740310668945, -0.280026376247406, -0.2554762661457062, 0.0], [-0.0600215345621109, 0.5572308897972107, -0.8281854391098022, 0.0], [0.0, 0.0, 0.0, 1.0], [-4.440412521362305, 0.03430582582950592, 1.6577385663986206]], [[0.38051337003707886, 0.7540844678878784, 0.5353187918663025, 0.0], [0.9245762228965759, -0.2981981635093689, -0.23714280128479004, 0.0], [-0.01919461041688919, 0.5851790308952332, -0.8106769323348999, 0.0], [0.0, 0.0, 0.0, 1.0], [-4.5081377029418945, -0.016710301861166954, 1.6452363729476929]], [[0.37769198417663574, 0.7146185636520386, 0.5887861251831055, 0.0], [0.9258278608322144, -0.30096831917762756, -0.22860629856586456, 0.0], [0.013839681632816792, 0.6314573884010315, -0.7752870917320251, 0.0], [0.0, 0.0, 0.0, 1.0], [-4.607965469360352, -0.09444597363471985, 1.6167787313461304]], [[0.36433473229408264, 0.6925849914550781, 0.6225641965866089, 0.0], [0.9312612414360046, -0.2684001326560974, -0.24640178680419922, 0.0], [-0.0035578692331910133, 0.669542670249939, -0.7427650690078735, 0.0], [0.0, 0.0, 0.0, 1.0], [-4.674530029296875, -0.1475796103477478, 1.5912420749664307]], [[0.3463491201400757, 0.659623384475708, 0.6670377254486084, 0.0], [0.9380943775177002, -0.24702589213848114, -0.24281100928783417, 0.0], [0.004611767828464508, 0.7098416686058044, -0.7043461799621582, 0.0], [0.0, 0.0, 0.0, 1.0], [-4.774354457855225, -0.2298026978969574, 1.5425095558166504]], [[0.3372785747051239, 0.640151858329773, 0.6902526617050171, 0.0], [0.9413772225379944, -0.23496218025684357, -0.24207785725593567, 0.0], [0.0072166756726801395, 0.7314358353614807, -0.6818721294403076, 0.0], [0.0, 0.0, 0.0, 1.0], [-4.840854644775391, -0.2859821617603302, 1.5022010803222656]], [[0.325057715177536, 0.6121786832809448, 0.7208153605461121, 0.0], [0.9456842541694641, -0.21391263604164124, -0.24479112029075623, 0.0], [0.004335611127316952, 0.7612349390983582, -0.6484616994857788, 0.0], [0.0, 0.0, 0.0, 1.0], [-4.940646648406982, -0.3720618486404419, 1.4287983179092407]], [[0.3174910247325897, 0.5939220190048218, 0.7392266988754272, 0.0], [0.9482588171958923, -0.19707487523555756, -0.2489311695098877, 0.0], [-0.0021626923698931932, 0.7800116539001465, -0.6257612705230713, 0.0], [0.0, 0.0, 0.0, 1.0], [-5.007081508636475, -0.4306219220161438, 1.3705769777297974]], [[0.30852243304252625, 0.5584269165992737, 0.7700475454330444, 0.0], [0.951216459274292, -0.1802137792110443, -0.25042009353637695, 0.0], [-0.0010681464336812496, 0.8097421526908875, -0.5867848992347717, 0.0], [0.0, 0.0, 0.0, 1.0], [-5.11765718460083, -0.5116633772850037, 1.3501728773117065]], [[0.30394449830055237, 0.5326043367385864, 0.789905309677124, 0.0], [0.9526892304420471, -0.1707555204629898, -0.25144726037979126, 0.0], [0.0009587885579094291, 0.8289602994918823, -0.5593066215515137, 0.0], [0.0, 0.0, 0.0, 1.0], [-5.190333366394043, -0.561781644821167, 1.333574891090393]], [[0.30069851875305176, 0.49195510149002075, 0.8170438408851624, 0.0], [0.9537191390991211, -0.15549281239509583, -0.25737476348876953, 0.0], [0.000427621795097366, 0.8566225171089172, -0.5159434676170349, 0.0], [0.0, 0.0, 0.0, 1.0], [-5.298254013061523, -0.6323829889297485, 1.3004205226898193]], [[0.29914772510528564, 0.46241214871406555, 0.83467698097229, 0.0], [0.9542068243026733, -0.14504556357860565, -0.26163169741630554, 0.0], [8.451213943772018e-05, 0.8747209906578064, -0.4846268594264984, 0.0], [0.0, 0.0, 0.0, 1.0], [-5.369734764099121, -0.6769257187843323, 1.271422028541565]], [[0.29826271533966064, 0.41477063298225403, 0.8596538305282593, 0.0], [0.9544838070869446, -0.1296357363462448, -0.2686172425746918, 0.0], [2.731548920564819e-05, 0.9006441831588745, -0.43455734848976135, 0.0], [0.0, 0.0, 0.0, 1.0], [-5.476497173309326, -0.7397845387458801, 1.2174643278121948]], [[0.29765164852142334, 0.38054612278938293, 0.8755502104759216, 0.0], [0.9546745419502258, -0.11863156408071518, -0.2729891240596771, 0.0], [-1.705435170151759e-05, 0.917121171951294, -0.39860856533050537, 0.0], [0.0, 0.0, 0.0, 1.0], [-5.547465801239014, -0.779493510723114, 1.173584222793579]], [[0.296860933303833, 0.32436347007751465, 0.8981435894966125, 0.0], [0.9549207091331482, -0.10080444812774658, -0.27922192215919495, 0.0], [-3.251941598136909e-05, 0.9405460357666016, -0.3396662771701813, 0.0], [0.0, 0.0, 0.0, 1.0], [-5.65374231338501, -0.835781455039978, 1.0955244302749634]], [[0.2965395748615265, 0.2836079001426697, 0.911937952041626, 0.0], [0.955020546913147, -0.08804105967283249, -0.28316864371299744, 0.0], [-2.087790926452726e-05, 0.9548901915550232, -0.2969590425491333, 0.0], [0.0, 0.0, 0.0, 1.0], [-5.724511623382568, -0.8716310858726501, 1.0341224670410156]], [[0.2960115075111389, 0.21731694042682648, 0.9301347136497498, 0.0], [0.9551844000816345, -0.067389115691185, -0.28823864459991455, 0.0], [4.1816932935034856e-05, 0.9737720489501953, -0.22752569615840912, 0.0], [0.0, 0.0, 0.0, 1.0], [-5.831615924835205, -0.9125791788101196, 0.9556078910827637]], [[0.2960312068462372, 0.16903164982795715, 0.9401031136512756, 0.0], [0.9551782608032227, -0.05236532911658287, -0.2913629114627838, 0.0], [-2.074150506814476e-05, 0.9842185378074646, -0.1769571304321289, 0.0], [0.0, 0.0, 0.0, 1.0], [-5.895292282104492, -0.9193533062934875, 0.9589727520942688]], [[0.29626426100730896, 0.09028501808643341, 0.9508291482925415, 0.0], [0.9551060199737549, -0.027969306334853172, -0.2949410676956177, 0.0], [-3.472901516943239e-05, 0.9955231547355652, -0.09451807290315628, 0.0], [0.0, 0.0, 0.0, 1.0], [-5.983456611633301, -0.924642026424408, 0.9605616927146912]], [[0.2960866391658783, 0.033354781568050385, 0.9545785188674927, 0.0], [0.9551610946655273, -0.010394125245511532, -0.29590415954589844, 0.0], [5.218978913035244e-05, 0.9993895292282104, -0.034936752170324326, 0.0], [0.0, 0.0, 0.0, 1.0], [-6.027225971221924, -0.9218029379844666, 0.9737501740455627]], [[0.2929980158805847, -0.033811986446380615, 0.9555150270462036, 0.0], [0.9558477997779846, 0.03389705717563629, -0.2919005751609802, 0.0], [-0.022519409656524658, 0.9988532066345215, 0.04225088655948639, 0.0], [0.0, 0.0, 0.0, 1.0], [-6.087789058685303, -0.9207631945610046, 1.0090925693511963]], [[0.2975769639015198, -0.04321872442960739, 0.9537190794944763, 0.0], [0.9545122385025024, 0.03316523879766464, -0.2963215112686157, 0.0], [-0.01882368139922619, 0.9985150098800659, 0.05112201347947121, 0.0], [0.0, 0.0, 0.0, 1.0], [-6.127507209777832, -0.919834554195404, 1.0203065872192383]], [[0.310881644487381, -0.06096106395125389, 0.948491632938385, 0.0], [0.9503732323646545, 0.032506637275218964, -0.30940914154052734, 0.0], [-0.011970363557338715, 0.9976106882095337, 0.06804148107767105, 0.0], [0.0, 0.0, 0.0, 1.0], [-6.183987617492676, -0.9172729849815369, 1.0256391763687134]], [[0.3193248510360718, -0.07136424630880356, 0.9449543952941895, 0.0], [0.9476297497749329, 0.0297654177993536, -0.3179810047149658, 0.0], [-0.005434486549347639, 0.9970061182975769, 0.0771317183971405, 0.0], [0.0, 0.0, 0.0, 1.0], [-6.218411922454834, -0.9148073792457581, 1.024947166442871]], [[0.3291754126548767, -0.07963208854198456, 0.9409050345420837, 0.0], [0.9442647099494934, 0.02482081763446331, -0.32825011014938354, 0.0], [0.002785210032016039, 0.9965152740478516, 0.08336417376995087, 0.0], [0.0, 0.0, 0.0, 1.0], [-6.265374183654785, -0.9128453731536865, 1.0166723728179932]], [[0.33234381675720215, -0.07608485966920853, 0.9400843977928162, 0.0], [0.9431580901145935, 0.026106659322977066, -0.3313175141811371, 0.0], [0.0006657841149717569, 0.9967595338821411, 0.08043643832206726, 0.0], [0.0, 0.0, 0.0, 1.0], [-6.2942352294921875, -0.9120272994041443, 1.0043644905090332]], [[0.33746159076690674, -0.06410109251737595, 0.9391542673110962, 0.0], [0.9413384795188904, 0.02429480478167534, -0.3365882337093353, 0.0], [-0.0012408946640789509, 0.9976476430892944, 0.06853938847780228, 0.0], [0.0, 0.0, 0.0, 1.0], [-6.329057216644287, -0.9125239849090576, 0.9896324276924133]], [[0.3421962261199951, -0.05288868770003319, 0.9381388425827026, 0.0], [0.9396263957023621, 0.01713908463716507, -0.34177258610725403, 0.0], [0.001997061539441347, 0.9984533190727234, 0.05556053668260574, 0.0], [0.0, 0.0, 0.0, 1.0], [-6.342726230621338, -0.914216935634613, 0.9927488565444946]], [[0.34666433930397034, -0.025790778920054436, 0.9376346468925476, 0.0], [0.9379892349243164, 0.009684420190751553, -0.3465290665626526, 0.0], [-0.00014319340698421001, 0.9996204376220703, 0.027548717334866524, 0.0], [0.0, 0.0, 0.0, 1.0], [-6.360579490661621, -0.9133105874061584, 0.9904481768608093]], [[0.3504081666469574, -0.0036137455608695745, 0.9365901350975037, 0.0], [0.9365966320037842, 0.00039065058808773756, -0.3504091203212738, 0.0], [0.0009004099410958588, 0.9999933838844299, 0.003521509235724807, 0.0], [0.0, 0.0, 0.0, 1.0], [-6.368640899658203, -0.9100692868232727, 0.9939126968383789]], [[0.35205063223838806, 0.005746487993746996, 0.9359633326530457, 0.0], [0.9359806180000305, -0.0013426364166662097, -0.3520489037036896, 0.0], [-0.000766386219765991, 0.9999825954437256, -0.005851277150213718, 0.0], [0.0, 0.0, 0.0, 1.0], [-6.375324726104736, -0.9084204435348511, 0.9969161748886108]], [[0.3519608974456787, 0.0024767043069005013, 0.9360114336013794, 0.0], [0.9360112547874451, 0.001784392399713397, -0.3519655466079712, 0.0], [-0.002541926223784685, 0.9999953508377075, -0.0016901867929846048, 0.0], [0.0, 0.0, 0.0, 1.0], [-6.3758416175842285, -0.908937931060791, 0.9980496764183044]], [[0.35188668966293335, -0.00030317436903715134, 0.9360425472259521, 0.0], [0.9360371232032776, 0.0035347528755664825, -0.35188350081443787, 0.0], [-0.0032019969075918198, 0.9999936819076538, 0.0015276148915290833, 0.0], [0.0, 0.0, 0.0, 1.0], [-6.375228404998779, -0.9092316627502441, 0.999030351638794]], [[0.3517277240753174, -0.00019436322327237576, 0.9361023306846619, 0.0], [0.9361001253128052, 0.0022624467965215445, -0.3517264127731323, 0.0], [-0.002049518981948495, 0.9999974370002747, 0.000977708725258708, 0.0], [0.0, 0.0, 0.0, 1.0], [-6.374875545501709, -0.9093039631843567, 0.9994024038314819]], [[0.3517215847969055, -9.895211405819282e-05, 0.9361046552658081, 0.0], [0.9361040592193604, 0.0011518897954374552, -0.35172125697135925, 0.0], [-0.0010434858268126845, 0.9999993443489075, 0.0004977739881724119, 0.0], [0.0, 0.0, 0.0, 1.0], [-6.374875545501709, -0.9093459248542786, 0.999723494052887]], [[0.3517208397388458, 2.0114264771109447e-05, 0.936104953289032, 0.0], [0.9361048340797424, 0.0005207963986322284, -0.35172080993652344, 0.0], [-0.0004945946857333183, 0.9999998807907104, 0.0001643458817852661, 0.0], [0.0, 0.0, 0.0, 1.0], [-6.374875545501709, -0.9094051122665405, 0.9998461008071899]], [[0.3517032563686371, 0.00016104844689834863, 0.9361115097999573, 0.0], [0.936111569404602, -5.1759456255240366e-05, -0.3517032563686371, 0.0], [-8.188636456907261e-06, 1.0, -0.00016896327724680305, 0.0], [0.0, 0.0, 0.0, 1.0], [-6.374871730804443, -0.909472644329071, 0.9999523758888245]], [[0.35170334577560425, 0.00010277523688273504, 0.9361115097999573, 0.0], [0.9361115097999573, -3.399869456188753e-05, -0.35170334577560425, 0.0], [-4.319827439758228e-06, 1.0, -0.00010816653957590461, 0.0], [0.0, 0.0, 0.0, 1.0], [-6.374517917633057, -0.9098060131072998, 0.9997882843017578]], [[0.3517034649848938, 5.268048698781058e-05, 0.9361114501953125, 0.0], [0.9361114501953125, -1.68403385032434e-05, -0.3517034649848938, 0.0], [-2.7634764592221472e-06, 1.0, -5.5237611377378926e-05, 0.0], [0.0, 0.0, 0.0, 1.0], [-6.374361991882324, -0.9091060757637024, 0.9998376369476318]], [[0.351703017950058, 3.4016527933999896e-05, 0.9361116290092468, 0.0], [0.9361116290092468, -1.0590788406261709e-05, -0.351703017950058, 0.0], [-2.0495558601396624e-06, 1.0, -3.556807860150002e-05, 0.0], [0.0, 0.0, 0.0, 1.0], [-6.3741679191589355, -0.9091060757637024, 0.999920666217804]], [[0.35170313715934753, 1.749895091052167e-05, 0.936111569404602, 0.0], [0.936111569404602, -5.068345217296155e-06, -0.35170313715934753, 0.0], [-1.4098991414357442e-06, 1.0, -1.816352414607536e-05, 0.0], [0.0, 0.0, 0.0, 1.0], [-6.374039173126221, -0.9091060757637024, 0.999920666217804]], [[0.3517020344734192, 1.1330766028549988e-05, 0.9361119866371155, 0.0], [0.9361119866371155, -3.182681211910676e-06, -0.3517020344734192, 0.0], [-1.0057071904157056e-06, 1.0, -1.1726221600838471e-05, 0.0], [0.0, 0.0, 0.0, 1.0], [-6.374039173126221, -0.9091060757637024, 1.0000159740447998]], [[0.35170191526412964, 6.170602318888996e-06, 0.9361120462417603, 0.0], [0.9361120462417603, -1.3256087640911574e-06, -0.35170191526412964, 0.0], [-9.292942877436872e-07, 1.0, -6.242594281502534e-06, 0.0], [0.0, 0.0, 0.0, 1.0], [-6.373950958251953, -0.9091060757637024, 1.0000159740447998]], [[0.3517014682292938, 4.537252607406117e-06, 0.9361122250556946, 0.0], [0.9361122250556946, -2.2835390609543538e-06, -0.3517014682292938, 0.0], [5.418904720499995e-07, 1.0, -5.050501385994721e-06, 0.0], [0.0, 0.0, 0.0, 1.0], [-6.373950958251953, -0.9091060757637024, 1.0000159740447998]], [[0.3517015874385834, 5.3140061027079355e-06, 0.9361121654510498, 0.0], [0.9361121654510498, -7.334032034123084e-06, -0.3517015874385834, 0.0], [4.9965324251388665e-06, 1.0, -7.5538964665611275e-06, 0.0], [0.0, 0.0, 0.0, 1.0], [-6.373918533325195, -0.9091939926147461, 1.0000542402267456]]]}