{"frame_count": 65, "data": [[[-0.3847007751464844, 0.7938365340232849, -0.47098714113235474, 0.0], [-0.2693279981613159, 0.39151477813720703, 0.8798741698265076, 0.0], [0.8828747272491455, 0.4653382897377014, 0.06318636983633041, 0.0], [0.0, 0.0, 0.0, 1.0], [0.0, 0.0, 5.955197811126709]], [[-0.5349113345146179, 0.7461453676223755, -0.39640510082244873, 0.0], [-0.07281138747930527, 0.42671552300453186, 0.9014501571655273, 0.0], [0.8417650461196899, 0.5110586881637573, -0.17392708361148834, 0.0], [0.0, 0.0, 0.0, 1.0], [-0.12066355347633362, 0.014219065196812153, 5.746376991271973]], [[-0.7444732189178467, 0.5944401621818542, -0.3039745092391968, 0.0], [0.07570791244506836, 0.5275139808654785, 0.8461662530899048, 0.0], [0.6633460521697998, 0.6069348454475403, -0.4377238154411316, 0.0], [0.0, 0.0, 0.0, 1.0], [-0.3091750741004944, 0.10427084565162659, 5.443194389343262]], [[-0.8802816867828369, 0.44140177965164185, -0.17397871613502502, 0.0], [0.12654747068881989, 0.5718470215797424, 0.8105409741401672, 0.0], [0.45726343989372253, 0.6914878487586975, -0.5592447519302368, 0.0], [0.0, 0.0, 0.0, 1.0], [-0.4410845637321472, 0.1491541564464569, 5.274293422698975]], [[-0.9801353216171265, 0.18789884448051453, 0.06347308307886124, 0.0], [0.17242394387722015, 0.6491466164588928, 0.7408634424209595, 0.0], [0.0980040431022644, 0.7370907068252563, -0.6686497926712036, 0.0], [0.0, 0.0, 0.0, 1.0], [-0.6389487981796265, 0.2164791226387024, 5.000504016876221]], [[-0.9717849493026733, 0.018798623234033585, 0.23511819541454315, 0.0], [0.18005624413490295, 0.7030242085456848, 0.687994658946991, 0.0], [-0.1523604393005371, 0.7109174132347107, -0.6865732073783875, 0.0], [0.0, 0.0, 0.0, 1.0], [-0.7708582878112793, 0.2613624334335327, 4.804352760314941]], [[-0.8491603136062622, -0.2082940936088562, 0.48532500863075256, 0.0], [0.15616609156131744, 0.7788193225860596, 0.6074970364570618, 0.0], [-0.5045185685157776, 0.5916536450386047, -0.6288139224052429, 0.0], [0.0, 0.0, 0.0, 1.0], [-0.9687225222587585, 0.3286873996257782, 4.489688873291016]], [[-0.7020981907844543, -0.32816585898399353, 0.6319535970687866, 0.0], [0.11832553893327713, 0.821370542049408, 0.5579870343208313, 0.0], [-0.7021803259849548, 0.4665379226207733, -0.5378523468971252, 0.0], [0.0, 0.0, 0.0, 1.0], [-1.1006320714950562, 0.3735707104206085, 4.266287803649902]], [[-0.40734779834747314, -0.4423674941062927, 0.7989860773086548, 0.0], [0.034886591136455536, 0.8666843175888062, 0.4976356327533722, 0.0], [-0.9126065373420715, 0.23058468103408813, -0.33760926127433777, 0.0], [0.0, 0.0, 0.0, 1.0], [-1.2984964847564697, 0.440895676612854, 3.9107487201690674]], [[-0.17969441413879395, -0.46815431118011475, 0.8651828765869141, 0.0], [-0.03332016244530678, 0.8818908929824829, 0.4702746570110321, 0.0], [-0.9831579923629761, 0.055677685886621475, -0.1740698367357254, 0.0], [0.0, 0.0, 0.0, 1.0], [-1.430406093597412, 0.4857789874076843, 3.660097599029541]], [[0.1729363650083542, -0.4279748201370239, 0.8870911002159119, 0.0], [-0.14379996061325073, 0.8800393342971802, 0.4526061713695526, 0.0], [-0.9743790626525879, -0.2058357298374176, 0.09064804017543793, 0.0], [0.0, 0.0, 0.0, 1.0], [-1.6282705068588257, 0.5531038641929626, 3.263683319091797]], [[0.39420458674430847, -0.35142648220062256, 0.849177360534668, 0.0], [-0.2162172496318817, 0.8625995516777039, 0.457353413105011, 0.0], [-0.8932260870933533, -0.3638976216316223, 0.2640562355518341, 0.0], [0.0, 0.0, 0.0, 1.0], [-1.760180115699768, 0.5979871153831482, 2.9857823848724365]], [[0.671730637550354, -0.1743021160364151, 0.7199977040290833, 0.0], [-0.3119354546070099, 0.815005362033844, 0.4883262515068054, 0.0], [-0.6719182729721069, -0.552616536617279, 0.4930930733680725, 0.0], [0.0, 0.0, 0.0, 1.0], [-1.9580445289611816, 0.6653119921684265, 2.5484933853149414]], [[0.804269015789032, -0.025529729202389717, 0.5937168002128601, 0.0], [-0.36151596903800964, 0.7719240188598633, 0.522914469242096, 0.0], [-0.47165408730506897, -0.6352019906044006, 0.611605167388916, 0.0], [0.0, 0.0, 0.0, 1.0], [-2.089953899383545, 0.7101952433586121, 2.243342399597168]], [[0.9049903154373169, 0.2207726687192917, 0.36366456747055054, 0.0], [-0.4072244167327881, 0.6969346404075623, 0.5902968645095825, 0.0], [-0.12312902510166168, -0.6823060512542725, 0.7206231355667114, 0.0], [0.0, 0.0, 0.0, 1.0], [-2.28781795501709, 0.7775201201438904, 1.7651785612106323]], [[0.901316225528717, 0.385800302028656, 0.19694466888904572, 0.0], [-0.4160444438457489, 0.6444926261901855, 0.6415109038352966, 0.0], [0.12056571990251541, -0.6601419448852539, 0.741401731967926, 0.0], [0.0, 0.0, 0.0, 1.0], [-2.419727325439453, 0.8224033713340759, 1.4327776432037354]], [[0.8153612017631531, 0.5584832429885864, 0.15258625149726868, 0.0], [-0.5716425776481628, 0.7348530292510986, 0.3649873733520508, 0.0], [0.09171087294816971, -0.384821355342865, 0.9184234738349915, 0.0], [0.0, 0.0, 0.0, 1.0], [-2.472201108932495, 0.9527052640914917, 1.474847435951233]], [[0.7122970223426819, 0.6993668079376221, 0.05932113155722618, 0.0], [-0.7018159627914429, 0.7108108401298523, 0.046928729861974716, 0.0], [-0.009345708414912224, -0.07505971193313599, 0.9971352219581604, 0.0], [0.0, 0.0, 0.0, 1.0], [-2.4878666400909424, 1.0981959104537964, 1.4892687797546387]], [[0.5631933808326721, 0.808824896812439, -0.16916106641292572, 0.0], [-0.7906907796859741, 0.46802422404289246, -0.39466625452041626, 0.0], [-0.24004442989826202, 0.3560275435447693, 0.9031185507774353, 0.0], [0.0, 0.0, 0.0, 1.0], [-2.5113649368286133, 1.3164318799972534, 1.4904632568359375]], [[0.4671930968761444, 0.8209895491600037, -0.32818710803985596, 0.0], [-0.8438262939453125, 0.3032020330429077, -0.4427478611469269, 0.0], [-0.2639843821525574, 0.4837816655635834, 0.8344264626502991, 0.0], [0.0, 0.0, 0.0, 1.0], [-2.532180070877075, 1.4093430042266846, 1.5810348987579346]], [[0.2937614917755127, 0.791793942451477, -0.5355058312416077, 0.0], [-0.9277887940406799, 0.10136967152357101, -0.35907119512557983, 0.0], [-0.23002634942531586, 0.6023176312446594, 0.764396071434021, 0.0], [0.0, 0.0, 0.0, 1.0], [-2.5743322372436523, 1.4858310222625732, 1.6964550018310547]], [[0.1678299456834793, 0.7377697229385376, -0.6538569927215576, 0.0], [-0.9603985548019409, -0.027278512716293335, -0.2772913873195648, 0.0], [-0.22241343557834625, 0.6745010614395142, 0.7039748430252075, 0.0], [0.0, 0.0, 0.0, 1.0], [-2.602433681488037, 1.536823034286499, 1.7597767114639282]], [[-0.02608049102127552, 0.6097664833068848, -0.792151927947998, 0.0], [-0.9718959927558899, -0.2009257674217224, -0.12266620248556137, 0.0], [-0.23396146297454834, 0.7666900753974915, 0.5978698134422302, 0.0], [0.0, 0.0, 0.0, 1.0], [-2.6445858478546143, 1.6133110523223877, 1.8343217372894287]], [[-0.1525058001279831, 0.49742746353149414, -0.8539952635765076, 0.0], [-0.9544399976730347, -0.29838407039642334, -0.003356931498274207, 0.0], [-0.2564884126186371, 0.8145752549171448, 0.5202699303627014, 0.0], [0.0, 0.0, 0.0, 1.0], [-2.672687292098999, 1.6643030643463135, 1.8703933954238892]], [[-0.32766157388687134, 0.2978680431842804, -0.8966116905212402, 0.0], [-0.8923147916793823, -0.4094500243663788, 0.19006577134132385, 0.0], [-0.31050315499305725, 0.8623371124267578, 0.39995309710502625, 0.0], [0.0, 0.0, 0.0, 1.0], [-2.714839458465576, 1.7407910823822021, 1.90406334400177]], [[-0.4293418526649475, 0.1505611389875412, -0.8905037641525269, 0.0], [-0.8290729522705078, -0.45676442980766296, 0.3224969506263733, 0.0], [-0.35819491744041443, 0.8767540454864502, 0.3209342360496521, 0.0], [0.0, 0.0, 0.0, 1.0], [-2.742940902709961, 1.791783094406128, 1.9128849506378174]], [[-0.5512710213661194, -0.07980591058731079, -0.830500602722168, 0.0], [-0.7068256735801697, -0.4841950237751007, 0.5157060027122498, 0.0], [-0.4432806372642517, 0.8713129162788391, 0.21051381528377533, 0.0], [0.0, 0.0, 0.0, 1.0], [-2.785093069076538, 1.8682711124420166, 1.9056798219680786]], [[-0.6085251569747925, -0.23244135081768036, -0.75872802734375, 0.0], [-0.6110122799873352, -0.47282183170318604, 0.6349043250083923, 0.0], [-0.5063211917877197, 0.8499473929405212, 0.14569944143295288, 0.0], [0.0, 0.0, 0.0, 1.0], [-2.813194513320923, 1.9192631244659424, 1.887251377105713]], [[-0.6541290879249573, -0.44788849353790283, -0.6095170974731445, 0.0], [-0.4536032974720001, -0.41255831718444824, 0.7899618148803711, 0.0], [-0.6052761673927307, 0.7932159304618835, 0.0667026937007904, 0.0], [0.0, 0.0, 0.0, 1.0], [-2.8553466796875, 1.995751142501831, 1.8391714096069336]], [[-0.6564809083938599, -0.5759553909301758, -0.4871428310871124, 0.0], [-0.3444506824016571, -0.34565243124961853, 0.8728563189506531, 0.0], [-0.6711084246635437, 0.740810215473175, 0.028526002541184425, 0.0], [0.0, 0.0, 0.0, 1.0], [-2.8834481239318848, 2.046743154525757, 1.7934931516647339]], [[-0.6181117296218872, -0.7348644137382507, -0.2791275680065155, 0.0], [-0.18301820755004883, -0.210794135928154, 0.9602448344230652, 0.0], [-0.7644882202148438, 0.6446240544319153, -0.004199235700070858, 0.0], [0.0, 0.0, 0.0, 1.0], [-2.925600290298462, 2.1232311725616455, 1.7045382261276245]], [[-0.5659809112548828, -0.8140076994895935, -0.13060270249843597, 0.0], [-0.08182916790246964, -0.10216762125492096, 0.991395890712738, 0.0], [-0.820347249507904, 0.5717982649803162, -0.008784645237028599, 0.0], [0.0, 0.0, 0.0, 1.0], [-2.9537017345428467, 2.1742231845855713, 1.6316099166870117]], [[-0.4523461163043976, -0.8867355585098267, 0.09530482441186905, 0.0], [0.05253687500953674, 0.08018293976783752, 0.9953947067260742, 0.0], [-0.8902937173843384, 0.4552699327468872, 0.01031587552279234, 0.0], [0.0, 0.0, 0.0, 1.0], [-2.995853900909424, 2.25071120262146, 1.5017799139022827]], [[-0.356564462184906, -0.9026058912277222, 0.2411728948354721, 0.0], [0.12654592096805573, 0.20910197496414185, 0.9696713089942932, 0.0], [-0.9256607890129089, 0.37626978754997253, 0.03966275975108147, 0.0], [0.0, 0.0, 0.0, 1.0], [-3.0239553451538086, 2.3017032146453857, 1.4016015529632568]], [[-0.16885460913181305, -0.8868813514709473, 0.43003442883491516, 0.0], [0.16364064812660217, 0.405019074678421, 0.8995450139045715, 0.0], [-0.9719618558883667, 0.22226344048976898, 0.07674048840999603, 0.0], [0.0, 0.0, 0.0, 1.0], [-3.056274175643921, 2.3764894008636475, 1.2609238624572754]], [[-0.02361559309065342, -0.8455836772918701, 0.5333203673362732, 0.0], [0.13406029343605042, 0.5259723663330078, 0.8398695588111877, 0.0], [-0.9906917214393616, 0.09133109450340271, 0.10093803703784943, 0.0], [0.0, 0.0, 0.0, 1.0], [-3.0707781314849854, 2.4274203777313232, 1.1761564016342163]], [[0.10619349032640457, -0.7419044375419617, 0.6620428562164307, 0.0], [0.035536739975214005, 0.6682140827178955, 0.7431198358535767, 0.0], [-0.9937102794647217, -0.055387645959854126, 0.09732484817504883, 0.0], [0.0, 0.0, 0.0, 1.0], [-3.0994293689727783, 2.496131420135498, 1.077991247177124]], [[0.07342544943094254, -0.674898087978363, 0.7342487573623657, 0.0], [-0.05483291670680046, 0.7323904633522034, 0.6786733269691467, 0.0], [-0.9957921504974365, -0.09009289741516113, 0.016769470646977425, 0.0], [0.0, 0.0, 0.0, 1.0], [-3.128793478012085, 2.5294361114501953, 1.0581320524215698]], [[0.017024341970682144, -0.5715191960334778, 0.8204120993614197, 0.0], [-0.09025198966264725, 0.816303014755249, 0.5705295205116272, 0.0], [-0.995773434638977, -0.0837567150592804, -0.037683721631765366, 0.0], [0.0, 0.0, 0.0, 1.0], [-3.1765663623809814, 2.58449387550354, 1.0630078315734863]], [[-0.01802169345319271, -0.4983483850955963, 0.8667895197868347, 0.0], [-0.07676182687282562, 0.8650612235069275, 0.4957587420940399, 0.0], [-0.9968865513801575, -0.0576019361615181, -0.05384400114417076, 0.0], [0.0, 0.0, 0.0, 1.0], [-3.2102127075195312, 2.622817277908325, 1.071714162826538]], [[-0.06730854511260986, -0.38222235441207886, 0.9216157793998718, 0.0], [-0.043838273733854294, 0.9239514470100403, 0.3799893856048584, 0.0], [-0.9967686533927917, -0.01482551172375679, -0.07894579321146011, 0.0], [0.0, 0.0, 0.0, 1.0], [-3.262377977371216, 2.679409980773926, 1.0696853399276733]], [[-0.07951752841472626, -0.30574479699134827, 0.9487871527671814, 0.0], [-0.020487694069743156, 0.9521012902259827, 0.30509570240974426, 0.0], [-0.9966229200363159, 0.004821993876248598, -0.08197274059057236, 0.0], [0.0, 0.0, 0.0, 1.0], [-3.295496702194214, 2.7173585891723633, 1.0674456357955933]], [[-0.04945763573050499, -0.21385185420513153, 0.9756132960319519, 0.0], [0.010536013171076775, 0.9766426682472229, 0.21461160480976105, 0.0], [-0.998720645904541, 0.02089325711131096, -0.04604928940534592, 0.0], [0.0, 0.0, 0.0, 1.0], [-3.327101230621338, 2.7812843322753906, 1.0573314428329468]], [[-0.016456201672554016, -0.1608060598373413, 0.9868488311767578, 0.0], [0.02976931631565094, 0.986466109752655, 0.1612401157617569, 0.0], [-0.9994212985038757, 0.032031215727329254, -0.011446398682892323, 0.0], [0.0, 0.0, 0.0, 1.0], [-3.340426206588745, 2.8250839710235596, 1.037592887878418]], [[0.018294649198651314, -0.0941716879606247, 0.995387852191925, 0.0], [0.009624570608139038, 0.9955249428749084, 0.09400776028633118, 0.0], [-0.9997863173484802, 0.007860342040657997, 0.0191191416233778, 0.0], [0.0, 0.0, 0.0, 1.0], [-3.3559958934783936, 2.8826870918273926, 1.0146032571792603]], [[0.014113723300397396, -0.062297120690345764, 0.9979578256607056, 0.0], [-0.013521726243197918, 0.9979541301727295, 0.062488120049238205, 0.0], [-0.9998089671134949, -0.014376053586602211, 0.013242483139038086, 0.0], [0.0, 0.0, 0.0, 1.0], [-3.3671393394470215, 2.9149460792541504, 1.0067665576934814]], [[-0.01386867556720972, -0.02927723340690136, 0.9994751214981079, 0.0], [-0.020425919443368912, 0.9993709325790405, 0.02899075299501419, 0.0], [-0.9996951818466187, -0.02001313492655754, -0.014457966201007366, 0.0], [0.0, 0.0, 0.0, 1.0], [-3.3901479244232178, 2.9561033248901367, 1.0054651498794556]], [[-0.024944325909018517, -0.02316158264875412, 0.9994204640388489, 0.0], [0.0006918167346157134, 0.9997309446334839, 0.02318604476749897, 0.0], [-0.9996886253356934, 0.0012697760248556733, -0.024921590462327003, 0.0], [0.0, 0.0, 0.0, 1.0], [-3.412555694580078, 2.988701820373535, 1.0060912370681763]], [[-0.011694983579218388, -0.015088360756635666, 0.9998177886009216, 0.0], [0.00036775777698494494, 0.9998860359191895, 0.01509369257837534, 0.0], [-0.9999315142631531, 0.0005442112451419234, -0.011688102036714554, 0.0], [0.0, 0.0, 0.0, 1.0], [-3.441173553466797, 3.030522108078003, 1.0053863525390625]], [[0.005411125253885984, -0.007415516301989555, 0.9999578595161438, 0.0], [-0.005404260940849781, 0.9999576807022095, 0.007444759365171194, 0.0], [-0.9999707341194153, -0.005444318056106567, 0.005370820872485638, 0.0], [0.0, 0.0, 0.0, 1.0], [-3.4562337398529053, 3.0517594814300537, 0.9938363432884216]], [[0.004464259836822748, -0.010072870180010796, 0.9999393224716187, 0.0], [0.00010099825885845348, 0.9999492764472961, 0.01007252000272274, 0.0], [-0.9999900460243225, 5.602578312391415e-05, 0.004465050529688597, 0.0], [0.0, 0.0, 0.0, 1.0], [-3.479741096496582, 3.0708882808685303, 0.995834231376648]], [[-0.0008721413323655725, -0.01396642904728651, 0.999902069568634, 0.0], [-0.00034295121440663934, 0.9999024271965027, 0.013966134749352932, 0.0], [-0.9999995827674866, -0.00033073718077503145, -0.0008768460247665644, 0.0], [0.0, 0.0, 0.0, 1.0], [-3.4927682876586914, 3.081502676010132, 0.9937554001808167]], [[-0.000569928961340338, -0.017180416733026505, 0.9998522400856018, 0.0], [6.754184869350865e-05, 0.9998524188995361, 0.017180457711219788, 0.0], [-0.9999998211860657, 7.732350786682218e-05, -0.0005686844815500081, 0.0], [0.0, 0.0, 0.0, 1.0], [-3.5042166709899902, 3.092607259750366, 0.9967978000640869]], [[-0.00036514343810267746, -0.018877679482102394, 0.9998217225074768, 0.0], [4.2130559450015426e-05, 0.9998217821121216, 0.018877696245908737, 0.0], [-0.9999999403953552, 4.901611464447342e-05, -0.00036428304156288505, 0.0], [0.0, 0.0, 0.0, 1.0], [-3.5083930492401123, 3.097076892852783, 0.9979729056358337]], [[-0.0001874782465165481, -0.02005697973072529, 0.9997988343238831, 0.0], [2.083846993627958e-05, 0.9997988343238831, 0.020056983456015587, 0.0], [-1.0, 2.459452662151307e-05, -0.00018702258239500225, 0.0], [0.0, 0.0, 0.0, 1.0], [-3.509761095046997, 3.0992915630340576, 0.998992383480072]], [[-0.00012084656191291288, -0.02006343938410282, 0.9997987151145935, 0.0], [1.5804187569301575e-05, 0.9997987151145935, 0.02006344124674797, 0.0], [-1.0, 1.8225604435428977e-05, -0.00012050514487782493, 0.0], [0.0, 0.0, 0.0, 1.0], [-3.5097949504852295, 3.0992817878723145, 0.9993776679039001]], [[-6.208870763657615e-05, -0.02002968080341816, 0.999799370765686, 0.0], [6.12581015957403e-06, 0.999799370765686, 0.02002968080341816, 0.0], [-1.0, 7.368198112089885e-06, -6.195355672389269e-05, 0.0], [0.0, 0.0, 0.0, 1.0], [-3.509864091873169, 3.0992932319641113, 0.9997120499610901]], [[-3.9635411667404696e-05, -0.020005768164992332, 0.9997998476028442, 0.0], [2.886833044613013e-06, 0.9997998476028442, 0.020005768164992332, 0.0], [-1.0, 3.6791921047552023e-06, -3.9569727960042655e-05, 0.0], [0.0, 0.0, 0.0, 1.0], [-3.5098934173583984, 3.0992980003356934, 0.9998381733894348]], [[-1.9904297005268745e-05, -0.020021751523017883, 0.9997995495796204, 0.0], [-1.3739644373345072e-06, 0.9997995495796204, 0.020021751523017883, 0.0], [-1.0, -9.751701099958154e-07, -1.9927816538256593e-05, 0.0], [0.0, 0.0, 0.0, 1.0], [-3.509923219680786, 3.099301815032959, 0.9999480247497559]], [[0.0003087662043981254, -0.020140625536441803, 0.9997971057891846, 0.0], [-0.00019727268954738975, 0.9997971653938293, 0.020140687003731728, 0.0], [-0.9999999403953552, -0.0002034514327533543, 0.00030473037622869015, 0.0], [0.0, 0.0, 0.0, 1.0], [-3.5098490715026855, 3.100079298019409, 0.9998272061347961]], [[0.00015744066331535578, -0.020141243934631348, 0.9997971057891846, 0.0], [-0.0001011158456094563, 0.9997971653938293, 0.02014126069843769, 0.0], [-1.0, -0.00010426638618810102, 0.00015537212311755866, 0.0], [0.0, 0.0, 0.0, 1.0], [-3.50960373878479, 3.0999915599823, 0.9999417066574097]], [[9.678788046585396e-05, -0.020154479891061783, 0.9997968673706055, 0.0], [-5.37305859324988e-05, 0.9997968673706055, 0.02015448547899723, 0.0], [-1.0, -5.567038169829175e-05, 9.568531095283106e-05, 0.0], [0.0, 0.0, 0.0, 1.0], [-3.509539842605591, 3.099940538406372, 0.9999849796295166]], [[4.563277616398409e-05, -0.0201309435069561, 0.9997973442077637, 0.0], [-2.3515582142863423e-05, 0.9997973442077637, 0.0201309435069561, 0.0], [-1.0, -2.442944787617307e-05, 4.5150136429583654e-05, 0.0], [0.0, 0.0, 0.0, 1.0], [-3.509471893310547, 3.0999069213867188, 1.0000227689743042]], [[2.6040956072392873e-05, -0.020130198448896408, 0.9997973442077637, 0.0], [-1.1151224498462398e-05, 0.9997973442077637, 0.020130198448896408, 0.0], [-1.0, -1.1673174412862863e-05, 2.5811203158809803e-05, 0.0], [0.0, 0.0, 0.0, 1.0], [-3.5094408988952637, 3.0998942852020264, 1.0000369548797607]], [[1.2324774615990464e-05, -0.020109787583351135, 0.9997977614402771, 0.0], [-3.975557774538174e-06, 0.9997977614402771, 0.020109787583351135, 0.0], [-1.0, -4.222602456138702e-06, 1.2242334378242958e-05, 0.0], [0.0, 0.0, 0.0, 1.0], [-3.509423017501831, 3.0998828411102295, 1.0000495910644531]]]}