{"frame_count": 66, "data": [[[-0.7709069848060608, 0.5567421317100525, 0.30941978096961975, 0.0], [-0.5686561465263367, -0.38274696469306946, -0.7281036376953125, 0.0], [-0.28693652153015137, -0.7372536659240723, 0.6116571426391602, 0.0], [0.0, 0.0, 0.0, 1.0], [0.0, 0.0, 14.582741737365723], []], [[-0.7709069848060608, 0.5567421317100525, 0.30941978096961975, 0.0], [-0.5686561465263367, -0.38274696469306946, -0.7281036376953125, 0.0], [-0.28693652153015137, -0.7372536659240723, 0.6116571426391602, 0.0], [0.0, 0.0, 0.0, 1.0], [0.0, 0.0, 14.582741737365723], []], [[-0.7709069848060608, 0.5567421913146973, 0.309419721364975, 0.0], [-0.5686561465263367, -0.38274699449539185, -0.7281036376953125, 0.0], [-0.28693652153015137, -0.7372536063194275, 0.6116572022438049, 0.0], [0.0, 0.0, 0.0, 1.0], [0.0, 0.0, 14.582741737365723], []], [[-0.7709069848060608, 0.5567421913146973, 0.309419721364975, 0.0], [-0.5686561465263367, -0.38274699449539185, -0.7281036376953125, 0.0], [-0.28693652153015137, -0.7372536063194275, 0.6116572022438049, 0.0], [0.0, 0.0, 0.0, 1.0], [0.0, 0.0, 14.582741737365723], []], [[-0.7709069848060608, 0.5567421913146973, 0.309419721364975, 0.0], [-0.5686561465263367, -0.38274699449539185, -0.7281036376953125, 0.0], [-0.28693652153015137, -0.7372536063194275, 0.6116572022438049, 0.0], [0.0, 0.0, 0.0, 1.0], [0.0, 0.0, 14.582741737365723], []], [[-0.7709069848060608, 0.5567421317100525, 0.30941978096961975, 0.0], [-0.5686561465263367, -0.38274696469306946, -0.7281036376953125, 0.0], [-0.28693652153015137, -0.7372536659240723, 0.6116571426391602, 0.0], [0.0, 0.0, 0.0, 1.0], [0.0, 0.0, 14.582741737365723], []], [[-0.7709069848060608, 0.5567421913146973, 0.309419721364975, 0.0], [-0.5686561465263367, -0.38274699449539185, -0.7281036376953125, 0.0], [-0.28693652153015137, -0.7372536063194275, 0.6116572022438049, 0.0], [0.0, 0.0, 0.0, 1.0], [0.0, 0.0, 14.582741737365723], []], [[-0.7709069848060608, 0.5567421913146973, 0.309419721364975, 0.0], [-0.5686561465263367, -0.38274699449539185, -0.7281036376953125, 0.0], [-0.28693652153015137, -0.7372536063194275, 0.6116572022438049, 0.0], [0.0, 0.0, 0.0, 1.0], [0.0, 0.0, 14.582741737365723], []], [[-0.7709069848060608, 0.5567421317100525, 0.30941978096961975, 0.0], [-0.5686561465263367, -0.38274696469306946, -0.7281036376953125, 0.0], [-0.28693652153015137, -0.7372536659240723, 0.6116571426391602, 0.0], [0.0, 0.0, 0.0, 1.0], [0.0, 0.0, 14.582741737365723], []], [[-0.7709069848060608, 0.5567421317100525, 0.30941978096961975, 0.0], [-0.5686561465263367, -0.38274696469306946, -0.7281036376953125, 0.0], [-0.28693652153015137, -0.7372536659240723, 0.6116571426391602, 0.0], [0.0, 0.0, 0.0, 1.0], [0.0, 0.0, 14.582741737365723], []], [[-0.7709069848060608, 0.5567421317100525, 0.30941978096961975, 0.0], [-0.5686561465263367, -0.38274696469306946, -0.7281036376953125, 0.0], [-0.28693652153015137, -0.7372536659240723, 0.6116571426391602, 0.0], [0.0, 0.0, 0.0, 1.0], [0.0, 0.0, 14.582741737365723], []], [[-0.7709069848060608, 0.5567421913146973, 0.309419721364975, 0.0], [-0.5686561465263367, -0.38274699449539185, -0.7281036376953125, 0.0], [-0.28693652153015137, -0.7372536063194275, 0.6116572022438049, 0.0], [0.0, 0.0, 0.0, 1.0], [0.0, 0.0, 14.582741737365723], []], [[-0.7709069848060608, 0.5567421913146973, 0.309419721364975, 0.0], [-0.5686561465263367, -0.38274699449539185, -0.7281036376953125, 0.0], [-0.28693652153015137, -0.7372536063194275, 0.6116572022438049, 0.0], [0.0, 0.0, 0.0, 1.0], [0.0, 0.0, 14.582741737365723], []], [[-0.7709069848060608, 0.5567421913146973, 0.309419721364975, 0.0], [-0.5686561465263367, -0.38274699449539185, -0.7281036376953125, 0.0], [-0.28693652153015137, -0.7372536063194275, 0.6116572022438049, 0.0], [0.0, 0.0, 0.0, 1.0], [0.0, 0.0, 14.582741737365723], []], [[-0.7709069848060608, 0.5567421913146973, 0.309419721364975, 0.0], [-0.5686561465263367, -0.38274699449539185, -0.7281036376953125, 0.0], [-0.28693652153015137, -0.7372536063194275, 0.6116572022438049, 0.0], [0.0, 0.0, 0.0, 1.0], [0.0, 0.0, 14.582741737365723], []], [[-0.7709069848060608, 0.5567421317100525, 0.30941978096961975, 0.0], [-0.5686561465263367, -0.38274696469306946, -0.7281036376953125, 0.0], [-0.28693652153015137, -0.7372536659240723, 0.6116571426391602, 0.0], [0.0, 0.0, 0.0, 1.0], [0.0, 0.0, 14.582741737365723], []], [[-0.7709069848060608, 0.5567421317100525, 0.30941978096961975, 0.0], [-0.5686561465263367, -0.38274696469306946, -0.7281036376953125, 0.0], [-0.28693652153015137, -0.7372536659240723, 0.6116571426391602, 0.0], [0.0, 0.0, 0.0, 1.0], [0.0, 0.0, 14.582741737365723], []], [[-0.7709069848060608, 0.5567421913146973, 0.309419721364975, 0.0], [-0.5686561465263367, -0.38274699449539185, -0.7281036376953125, 0.0], [-0.28693652153015137, -0.7372536063194275, 0.6116572022438049, 0.0], [0.0, 0.0, 0.0, 1.0], [0.0, 0.0, 14.582741737365723], []], [[-0.7709069848060608, 0.5567421913146973, 0.309419721364975, 0.0], [-0.5686561465263367, -0.38274699449539185, -0.7281036376953125, 0.0], [-0.28693652153015137, -0.7372536063194275, 0.6116572022438049, 0.0], [0.0, 0.0, 0.0, 1.0], [0.0, 0.0, 14.582741737365723], []], [[-0.7709069848060608, 0.5567421913146973, 0.309419721364975, 0.0], [-0.5686561465263367, -0.38274699449539185, -0.7281036376953125, 0.0], [-0.28693652153015137, -0.7372536063194275, 0.6116572022438049, 0.0], [0.0, 0.0, 0.0, 1.0], [0.0, 0.0, 14.582741737365723], []], [[-0.7709069848060608, 0.5567421317100525, 0.30941978096961975, 0.0], [-0.5686561465263367, -0.38274696469306946, -0.7281036376953125, 0.0], [-0.28693652153015137, -0.7372536659240723, 0.6116571426391602, 0.0], [0.0, 0.0, 0.0, 1.0], [0.0, 0.0, 14.582741737365723], []], [[-0.7709069848060608, 0.5567421317100525, 0.30941978096961975, 0.0], [-0.5686561465263367, -0.38274696469306946, -0.7281036376953125, 0.0], [-0.28693652153015137, -0.7372536659240723, 0.6116571426391602, 0.0], [0.0, 0.0, 0.0, 1.0], [0.0, 0.0, 14.582741737365723], []], [[-0.7709069848060608, 0.5567421913146973, 0.309419721364975, 0.0], [-0.5686561465263367, -0.38274699449539185, -0.7281036376953125, 0.0], [-0.28693652153015137, -0.7372536063194275, 0.6116572022438049, 0.0], [0.0, 0.0, 0.0, 1.0], [0.0, 0.0, 14.582741737365723], []], [[-0.7709069848060608, 0.5567421913146973, 0.309419721364975, 0.0], [-0.5686561465263367, -0.38274699449539185, -0.7281036376953125, 0.0], [-0.28693652153015137, -0.7372536063194275, 0.6116572022438049, 0.0], [0.0, 0.0, 0.0, 1.0], [0.0, 0.0, 14.582741737365723], []], [[-0.7709069848060608, 0.5567421913146973, 0.309419721364975, 0.0], [-0.5686561465263367, -0.38274699449539185, -0.7281036376953125, 0.0], [-0.28693652153015137, -0.7372536063194275, 0.6116572022438049, 0.0], [0.0, 0.0, 0.0, 1.0], [0.0, 0.0, 14.582741737365723], []], [[-0.7709069848060608, 0.5567421913146973, 0.309419721364975, 0.0], [-0.5686561465263367, -0.38274699449539185, -0.7281036376953125, 0.0], [-0.28693652153015137, -0.7372536063194275, 0.6116572022438049, 0.0], [0.0, 0.0, 0.0, 1.0], [0.0, 0.0, 14.582741737365723], []], [[-0.7709069848060608, 0.5567421913146973, 0.309419721364975, 0.0], [-0.5686561465263367, -0.38274699449539185, -0.7281036376953125, 0.0], [-0.28693652153015137, -0.7372536063194275, 0.6116572022438049, 0.0], [0.0, 0.0, 0.0, 1.0], [0.0, 0.0, 14.582741737365723], []], [[-0.7709069848060608, 0.5567421317100525, 0.30941978096961975, 0.0], [-0.5686561465263367, -0.38274696469306946, -0.7281036376953125, 0.0], [-0.28693652153015137, -0.7372536659240723, 0.6116571426391602, 0.0], [0.0, 0.0, 0.0, 1.0], [0.0, 0.0, 14.582741737365723], []], [[-0.7709069848060608, 0.5567421317100525, 0.30941978096961975, 0.0], [-0.5686561465263367, -0.38274696469306946, -0.7281036376953125, 0.0], [-0.28693652153015137, -0.7372536659240723, 0.6116571426391602, 0.0], [0.0, 0.0, 0.0, 1.0], [0.0, 0.0, 14.582741737365723], []], [[-0.7709069848060608, 0.5567421317100525, 0.30941978096961975, 0.0], [-0.5686561465263367, -0.38274696469306946, -0.7281036376953125, 0.0], [-0.28693652153015137, -0.7372536659240723, 0.6116571426391602, 0.0], [0.0, 0.0, 0.0, 1.0], [0.0, 0.0, 14.582741737365723], []], [[-0.7709069848060608, 0.5567421913146973, 0.309419721364975, 0.0], [-0.5686561465263367, -0.38274699449539185, -0.7281036376953125, 0.0], [-0.28693652153015137, -0.7372536063194275, 0.6116572022438049, 0.0], [0.0, 0.0, 0.0, 1.0], [0.0, 0.0, 14.582741737365723], []], [[-0.7709069848060608, 0.5567421913146973, 0.309419721364975, 0.0], [-0.5686561465263367, -0.38274699449539185, -0.7281036376953125, 0.0], [-0.28693652153015137, -0.7372536063194275, 0.6116572022438049, 0.0], [0.0, 0.0, 0.0, 1.0], [0.0, 0.0, 14.582741737365723], []], [[-0.7709069848060608, 0.5567421317100525, 0.30941978096961975, 0.0], [-0.5686561465263367, -0.38274696469306946, -0.7281036376953125, 0.0], [-0.28693652153015137, -0.7372536659240723, 0.6116571426391602, 0.0], [0.0, 0.0, 0.0, 1.0], [0.0, 0.0, 14.582741737365723], []], [[-0.7709069848060608, 0.5567421913146973, 0.309419721364975, 0.0], [-0.5686561465263367, -0.38274699449539185, -0.7281036376953125, 0.0], [-0.28693652153015137, -0.7372536063194275, 0.6116572022438049, 0.0], [0.0, 0.0, 0.0, 1.0], [0.0, 0.0, 14.582741737365723], []], [[-0.7709069848060608, 0.5567421317100525, 0.30941978096961975, 0.0], [-0.5686561465263367, -0.38274696469306946, -0.7281036376953125, 0.0], [-0.28693652153015137, -0.7372536659240723, 0.6116571426391602, 0.0], [0.0, 0.0, 0.0, 1.0], [0.0, 0.0, 14.582741737365723], []], [[-0.7709069848060608, 0.5567421913146973, 0.309419721364975, 0.0], [-0.5686561465263367, -0.38274699449539185, -0.7281036376953125, 0.0], [-0.28693652153015137, -0.7372536063194275, 0.6116572022438049, 0.0], [0.0, 0.0, 0.0, 1.0], [0.0, 0.0, 14.582741737365723], []], [[-0.7709069848060608, 0.5567421913146973, 0.309419721364975, 0.0], [-0.5686561465263367, -0.38274699449539185, -0.7281036376953125, 0.0], [-0.28693652153015137, -0.7372536063194275, 0.6116572022438049, 0.0], [0.0, 0.0, 0.0, 1.0], [0.0, 0.0, 14.582741737365723], []], [[-0.7709069848060608, 0.5567421913146973, 0.309419721364975, 0.0], [-0.5686561465263367, -0.38274699449539185, -0.7281036376953125, 0.0], [-0.28693652153015137, -0.7372536063194275, 0.6116572022438049, 0.0], [0.0, 0.0, 0.0, 1.0], [0.0, 0.0, 14.582741737365723], []], [[-0.7709069848060608, 0.5567421317100525, 0.30941978096961975, 0.0], [-0.5686561465263367, -0.38274696469306946, -0.7281036376953125, 0.0], [-0.28693652153015137, -0.7372536659240723, 0.6116571426391602, 0.0], [0.0, 0.0, 0.0, 1.0], [0.0, 0.0, 14.582741737365723], []], [[-0.7709069848060608, 0.5567421317100525, 0.30941978096961975, 0.0], [-0.5686561465263367, -0.38274696469306946, -0.7281036376953125, 0.0], [-0.28693652153015137, -0.7372536659240723, 0.6116571426391602, 0.0], [0.0, 0.0, 0.0, 1.0], [0.0, 0.0, 14.582741737365723], []], [[-0.7709069848060608, 0.5567421317100525, 0.30941978096961975, 0.0], [-0.5686561465263367, -0.38274696469306946, -0.7281036376953125, 0.0], [-0.28693652153015137, -0.7372536659240723, 0.6116571426391602, 0.0], [0.0, 0.0, 0.0, 1.0], [0.0, 0.0, 14.582741737365723], []], [[-0.7709069848060608, 0.5567421913146973, 0.309419721364975, 0.0], [-0.5686561465263367, -0.38274699449539185, -0.7281036376953125, 0.0], [-0.28693652153015137, -0.7372536063194275, 0.6116572022438049, 0.0], [0.0, 0.0, 0.0, 1.0], [0.0, 0.0, 14.582741737365723], []], [[-0.7709069848060608, 0.5567421317100525, 0.30941978096961975, 0.0], [-0.5686561465263367, -0.38274696469306946, -0.7281036376953125, 0.0], [-0.28693652153015137, -0.7372536659240723, 0.6116571426391602, 0.0], [0.0, 0.0, 0.0, 1.0], [0.0, 0.0, 14.582741737365723], []], [[-0.7709069848060608, 0.5567421317100525, 0.30941978096961975, 0.0], [-0.5686561465263367, -0.38274696469306946, -0.7281036376953125, 0.0], [-0.28693652153015137, -0.7372536659240723, 0.6116571426391602, 0.0], [0.0, 0.0, 0.0, 1.0], [0.0, 0.0, 14.582741737365723], []], [[-0.9906141757965088, 0.004266046453267336, 0.1366211175918579, 0.0], [-0.13660477101802826, 0.003912883345037699, -0.9906178712844849, 0.0], [-0.004760604351758957, -0.9999832510948181, -0.003293395508080721, 0.0], [0.0, 0.0, 0.0, 1.0], [-4.826584815979004, -0.541441023349762, 0.9909636378288269], []], [[-0.7709069848060608, 0.5567421913146973, 0.309419721364975, 0.0], [-0.5686561465263367, -0.38274699449539185, -0.7281036376953125, 0.0], [-0.28693652153015137, -0.7372536063194275, 0.6116572022438049, 0.0], [0.0, 0.0, 0.0, 1.0], [0.0, 0.0, 14.582741737365723], []], [[-0.7709069848060608, 0.5567421317100525, 0.30941978096961975, 0.0], [-0.5686561465263367, -0.38274696469306946, -0.7281036376953125, 0.0], [-0.28693652153015137, -0.7372536659240723, 0.6116571426391602, 0.0], [0.0, 0.0, 0.0, 1.0], [0.0, 0.0, 14.582741737365723], []], [[-0.7709069848060608, 0.5567421913146973, 0.309419721364975, 0.0], [-0.5686561465263367, -0.38274699449539185, -0.7281036376953125, 0.0], [-0.28693652153015137, -0.7372536063194275, 0.6116572022438049, 0.0], [0.0, 0.0, 0.0, 1.0], [0.0, 0.0, 14.582741737365723], []], [[-0.7709069848060608, 0.5567421913146973, 0.309419721364975, 0.0], [-0.5686561465263367, -0.38274699449539185, -0.7281036376953125, 0.0], [-0.28693652153015137, -0.7372536063194275, 0.6116572022438049, 0.0], [0.0, 0.0, 0.0, 1.0], [0.0, 0.0, 14.582741737365723], []], [[-0.7709069848060608, 0.5567421913146973, 0.309419721364975, 0.0], [-0.5686561465263367, -0.38274699449539185, -0.7281036376953125, 0.0], [-0.28693652153015137, -0.7372536063194275, 0.6116572022438049, 0.0], [0.0, 0.0, 0.0, 1.0], [0.0, 0.0, 14.582741737365723], []], [[-0.7709069848060608, 0.5567421317100525, 0.30941978096961975, 0.0], [-0.5686561465263367, -0.38274696469306946, -0.7281036376953125, 0.0], [-0.28693652153015137, -0.7372536659240723, 0.6116571426391602, 0.0], [0.0, 0.0, 0.0, 1.0], [0.0, 0.0, 14.582741737365723], []], [[-0.7709069848060608, 0.5567421913146973, 0.309419721364975, 0.0], [-0.5686561465263367, -0.38274699449539185, -0.7281036376953125, 0.0], [-0.28693652153015137, -0.7372536063194275, 0.6116572022438049, 0.0], [0.0, 0.0, 0.0, 1.0], [0.0, 0.0, 14.582741737365723], []], [[-0.7709069848060608, 0.5567421913146973, 0.309419721364975, 0.0], [-0.5686561465263367, -0.38274699449539185, -0.7281036376953125, 0.0], [-0.28693652153015137, -0.7372536063194275, 0.6116572022438049, 0.0], [0.0, 0.0, 0.0, 1.0], [0.0, 0.0, 14.582741737365723], []], [[-0.7709069848060608, 0.5567421913146973, 0.309419721364975, 0.0], [-0.5686561465263367, -0.38274699449539185, -0.7281036376953125, 0.0], [-0.28693652153015137, -0.7372536063194275, 0.6116572022438049, 0.0], [0.0, 0.0, 0.0, 1.0], [0.0, 0.0, 14.582741737365723], []], [[-0.7709069848060608, 0.5567421913146973, 0.309419721364975, 0.0], [-0.5686561465263367, -0.38274699449539185, -0.7281036376953125, 0.0], [-0.28693652153015137, -0.7372536063194275, 0.6116572022438049, 0.0], [0.0, 0.0, 0.0, 1.0], [0.0, 0.0, 14.582741737365723], []], [[-0.7709069848060608, 0.5567421913146973, 0.309419721364975, 0.0], [-0.5686561465263367, -0.38274699449539185, -0.7281036376953125, 0.0], [-0.28693652153015137, -0.7372536063194275, 0.6116572022438049, 0.0], [0.0, 0.0, 0.0, 1.0], [0.0, 0.0, 14.582741737365723], []], [[-0.7709069848060608, 0.5567421913146973, 0.309419721364975, 0.0], [-0.5686561465263367, -0.38274699449539185, -0.7281036376953125, 0.0], [-0.28693652153015137, -0.7372536063194275, 0.6116572022438049, 0.0], [0.0, 0.0, 0.0, 1.0], [0.0, 0.0, 14.582741737365723], []], [[-0.7709069848060608, 0.5567421913146973, 0.309419721364975, 0.0], [-0.5686561465263367, -0.38274699449539185, -0.7281036376953125, 0.0], [-0.28693652153015137, -0.7372536063194275, 0.6116572022438049, 0.0], [0.0, 0.0, 0.0, 1.0], [0.0, 0.0, 14.582741737365723], []], [[-0.7709069848060608, 0.5567421913146973, 0.309419721364975, 0.0], [-0.5686561465263367, -0.38274699449539185, -0.7281036376953125, 0.0], [-0.28693652153015137, -0.7372536063194275, 0.6116572022438049, 0.0], [0.0, 0.0, 0.0, 1.0], [0.0, 0.0, 14.582741737365723], []], [[-0.7709069848060608, 0.5567421913146973, 0.309419721364975, 0.0], [-0.5686561465263367, -0.38274699449539185, -0.7281036376953125, 0.0], [-0.28693652153015137, -0.7372536063194275, 0.6116572022438049, 0.0], [0.0, 0.0, 0.0, 1.0], [0.0, 0.0, 14.582741737365723], []], [[-0.7709069848060608, 0.5567421913146973, 0.309419721364975, 0.0], [-0.5686561465263367, -0.38274699449539185, -0.7281036376953125, 0.0], [-0.28693652153015137, -0.7372536063194275, 0.6116572022438049, 0.0], [0.0, 0.0, 0.0, 1.0], [0.0, 0.0, 14.582741737365723], []], [[-0.7709069848060608, 0.5567421913146973, 0.309419721364975, 0.0], [-0.5686561465263367, -0.38274699449539185, -0.7281036376953125, 0.0], [-0.28693652153015137, -0.7372536063194275, 0.6116572022438049, 0.0], [0.0, 0.0, 0.0, 1.0], [0.0, 0.0, 14.582741737365723], []], [[-0.7709069848060608, 0.5567421913146973, 0.309419721364975, 0.0], [-0.5686561465263367, -0.38274699449539185, -0.7281036376953125, 0.0], [-0.28693652153015137, -0.7372536063194275, 0.6116572022438049, 0.0], [0.0, 0.0, 0.0, 1.0], [0.0, 0.0, 14.582741737365723], []], [[-0.7709069848060608, 0.5567421913146973, 0.309419721364975, 0.0], [-0.5686561465263367, -0.38274699449539185, -0.7281036376953125, 0.0], [-0.28693652153015137, -0.7372536063194275, 0.6116572022438049, 0.0], [0.0, 0.0, 0.0, 1.0], [0.0, 0.0, 14.582741737365723], []], [[-0.7709069848060608, 0.5567421913146973, 0.309419721364975, 0.0], [-0.5686561465263367, -0.38274699449539185, -0.7281036376953125, 0.0], [-0.28693652153015137, -0.7372536063194275, 0.6116572022438049, 0.0], [0.0, 0.0, 0.0, 1.0], [0.0, 0.0, 14.582741737365723], []], [[-0.7709069848060608, 0.5567421913146973, 0.309419721364975, 0.0], [-0.5686561465263367, -0.38274699449539185, -0.7281036376953125, 0.0], [-0.28693652153015137, -0.7372536063194275, 0.6116572022438049, 0.0], [0.0, 0.0, 0.0, 1.0], [0.0, 0.0, 14.582741737365723], []]]}